128 7272
0 1 3
0 2 6
0 3 7
0 4 5
0 5 3
0 6 5
0 7 6
0 8 2
0 9 9
0 10 1
0 11 2
0 12 7
0 14 9
0 15 3
0 16 6
0 18 6
0 19 2
0 20 6
0 21 1
0 22 8
0 23 7
0 24 9
0 25 2
0 27 2
0 28 3
0 29 7
0 30 5
0 31 9
0 32 2
0 33 2
0 34 8
0 35 9
0 36 7
0 37 3
0 38 6
0 39 1
0 40 2
0 41 9
0 42 3
0 43 1
0 44 9
0 45 4
0 46 7
0 47 8
0 48 4
0 49 5
0 51 3
0 52 6
0 53 1
0 55 6
0 56 3
0 57 2
0 59 6
0 60 1
0 61 5
0 62 5
0 63 4
0 64 7
0 65 6
0 66 5
0 67 6
0 68 9
0 69 3
0 70 7
0 71 4
0 72 5
0 73 2
0 74 5
0 75 4
0 76 7
0 77 4
0 78 4
0 79 3
0 81 7
0 82 8
0 83 6
0 84 8
0 85 8
0 86 4
0 87 3
0 88 1
0 89 4
0 90 9
0 91 2
0 93 6
0 94 8
0 95 9
0 96 2
0 97 6
0 98 6
0 99 4
0 100 9
0 101 5
0 103 4
0 104 8
0 105 7
0 106 1
0 107 7
0 108 2
0 109 7
0 110 2
0 111 2
0 112 6
0 113 1
0 115 6
0 116 1
0 117 5
0 118 9
0 119 4
0 120 9
0 122 9
0 123 1
0 124 7
0 125 7
0 126 1
0 127 1
1 2 5
1 3 9
1 4 7
1 5 7
1 6 6
1 7 7
1 8 3
1 9 6
1 10 5
1 11 6
1 12 3
1 13 9
1 14 4
1 15 8
1 16 1
1 17 2
1 18 9
1 19 3
1 20 9
1 22 8
1 23 8
1 24 5
1 26 9
1 27 6
1 28 3
1 29 8
1 30 5
1 31 6
1 32 1
1 33 1
1 34 5
1 35 9
1 36 8
1 37 4
1 38 8
1 39 1
1 41 3
1 43 4
1 44 4
1 45 4
1 46 4
1 47 7
1 48 6
1 49 3
1 50 1
1 51 7
1 52 5
1 53 9
1 54 6
1 55 2
1 56 1
1 57 7
1 58 8
1 59 5
1 60 7
1 61 4
1 62 1
1 63 8
1 64 5
1 65 9
1 66 7
1 67 5
1 68 3
1 69 8
1 70 8
1 71 3
1 72 1
1 73 8
1 74 9
1 75 6
1 76 4
1 77 3
1 78 3
1 79 3
1 80 8
1 81 6
1 83 4
1 84 8
1 85 8
1 86 8
1 87 9
1 88 7
1 89 7
1 90 6
1 91 4
1 92 3
1 94 3
1 96 9
1 97 2
1 98 5
1 99 4
1 101 5
1 102 9
1 103 4
1 104 6
1 105 9
1 106 2
1 107 2
1 108 4
1 109 7
1 110 7
1 111 5
1 112 4
1 113 8
1 114 1
1 115 2
1 116 8
1 117 9
1 118 3
1 119 6
1 120 8
1 122 2
1 123 1
1 125 5
1 126 1
1 127 1
2 4 8
2 5 5
2 7 6
2 8 4
2 9 6
2 10 2
2 11 5
2 12 8
2 13 6
2 14 2
2 15 8
2 16 4
2 17 7
2 18 2
2 19 4
2 21 6
2 22 2
2 23 9
2 24 9
2 26 8
2 27 1
2 28 3
2 29 1
2 30 1
2 32 3
2 33 4
2 35 3
2 36 9
2 37 1
2 38 9
2 39 6
2 40 9
2 41 3
2 42 3
2 43 8
2 45 5
2 46 6
2 47 6
2 48 4
2 51 4
2 52 6
2 53 2
2 54 6
2 55 7
2 56 5
2 57 6
2 58 9
2 59 8
2 60 7
2 61 2
2 62 8
2 63 2
2 64 9
2 65 9
2 66 6
2 68 2
2 69 7
2 70 6
2 71 1
2 72 3
2 73 2
2 74 1
2 75 5
2 76 9
2 77 9
2 78 1
2 79 4
2 80 9
2 81 1
2 83 7
2 84 5
2 85 8
2 86 7
2 88 4
2 89 8
2 91 4
2 92 2
2 93 9
2 94 6
2 95 1
2 97 4
2 98 2
2 99 2
2 100 2
2 102 5
2 103 5
2 104 2
2 105 9
2 107 2
2 108 8
2 109 3
2 110 8
2 112 4
2 114 9
2 115 1
2 116 9
2 117 6
2 118 2
2 119 5
2 120 4
2 121 4
2 122 9
2 123 9
2 124 3
2 125 6
2 127 5
3 5 2
3 6 9
3 7 4
3 8 3
3 9 5
3 10 1
3 11 7
3 12 4
3 13 3
3 14 1
3 15 4
3 16 6
3 17 9
3 18 4
3 19 2
3 20 2
3 21 6
3 22 4
3 23 1
3 24 2
3 25 8
3 26 8
3 27 9
3 28 2
3 29 8
3 30 8
3 31 8
3 32 6
3 33 8
3 34 3
3 35 8
3 36 3
3 37 3
3 38 3
3 39 8
3 41 4
3 42 7
3 43 6
3 44 8
3 45 9
3 47 6
3 48 8
3 49 7
3 50 9
3 52 3
3 53 3
3 54 3
3 55 7
3 56 3
3 57 2
3 58 6
3 59 5
3 60 2
3 61 6
3 62 5
3 63 8
3 64 7
3 65 9
3 66 6
3 68 4
3 69 1
3 71 4
3 72 8
3 73 7
3 75 8
3 76 6
3 77 2
3 78 4
3 79 7
3 80 9
3 81 3
3 82 9
3 83 2
3 84 8
3 85 3
3 87 1
3 88 7
3 89 8
3 90 9
3 91 1
3 92 5
3 93 4
3 94 9
3 95 2
3 96 5
3 97 7
3 98 4
3 99 9
3 100 9
3 101 4
3 102 5
3 103 9
3 104 3
3 105 5
3 106 7
3 108 8
3 109 1
3 110 9
3 111 9
3 112 7
3 113 8
3 114 2
3 115 5
3 116 3
3 117 4
3 118 9
3 120 2
3 122 1
3 123 9
3 124 6
3 125 2
3 126 1
3 127 2
4 6 7
4 7 3
4 8 1
4 9 1
4 10 9
4 12 5
4 13 6
4 14 7
4 15 7
4 16 4
4 18 6
4 19 4
4 20 7
4 21 4
4 22 8
4 23 5
4 24 8
4 25 2
4 26 6
4 28 6
4 29 6
4 30 4
4 31 6
4 32 2
4 33 8
4 34 9
4 35 6
4 37 7
4 39 1
4 41 1
4 42 3
4 43 7
4 44 7
4 45 2
4 46 6
4 47 4
4 48 5
4 49 2
4 51 2
4 52 9
4 54 9
4 55 9
4 56 4
4 57 5
4 58 1
4 60 3
4 61 7
4 62 8
4 63 8
4 64 6
4 66 4
4 67 6
4 68 7
4 69 6
4 71 9
4 72 7
4 73 5
4 74 9
4 75 7
4 76 8
4 77 5
4 78 3
4 79 3
4 80 8
4 81 3
4 82 7
4 83 9
4 84 3
4 85 7
4 86 8
4 87 7
4 88 4
4 89 1
4 90 9
4 92 9
4 93 8
4 94 8
4 95 5
4 96 8
4 97 4
4 98 3
4 99 7
4 100 1
4 101 3
4 102 8
4 104 9
4 105 7
4 106 9
4 107 9
4 108 3
4 109 2
4 110 4
4 111 3
4 112 7
4 113 1
4 114 2
4 115 2
4 117 2
4 118 1
4 119 7
4 120 5
4 121 1
4 122 7
4 123 4
4 124 1
4 125 7
4 126 1
4 127 1
5 6 1
5 7 7
5 9 4
5 11 8
5 12 5
5 13 1
5 14 6
5 15 6
5 16 2
5 17 1
5 18 9
5 19 6
5 20 4
5 21 8
5 23 8
5 24 1
5 26 2
5 27 2
5 28 9
5 29 7
5 30 5
5 31 6
5 32 4
5 33 6
5 34 3
5 35 7
5 36 9
5 37 7
5 38 4
5 39 9
5 40 1
5 41 7
5 43 6
5 45 8
5 46 5
5 47 3
5 48 9
5 49 4
5 50 1
5 51 5
5 52 4
5 53 1
5 54 5
5 55 5
5 56 4
5 57 9
5 58 8
5 59 3
5 60 8
5 61 5
5 62 2
5 63 2
5 64 2
5 65 7
5 67 3
5 68 4
5 69 6
5 70 3
5 71 6
5 72 3
5 73 3
5 74 4
5 75 4
5 76 3
5 77 9
5 78 7
5 79 2
5 80 5
5 81 8
5 82 9
5 84 2
5 85 4
5 86 7
5 87 6
5 88 5
5 89 7
5 90 1
5 91 3
5 92 3
5 93 3
5 94 8
5 95 5
5 96 1
5 98 8
5 99 7
5 100 6
5 101 3
5 102 5
5 104 8
5 106 4
5 107 1
5 108 1
5 109 3
5 110 5
5 111 9
5 112 3
5 113 4
5 114 1
5 115 5
5 117 8
5 118 3
5 119 5
5 120 6
5 121 5
5 122 9
5 123 9
5 125 7
5 126 6
5 127 3
6 7 7
6 8 6
6 9 1
6 10 5
6 12 6
6 13 5
6 15 8
6 16 1
6 17 2
6 18 2
6 19 6
6 20 9
6 21 1
6 23 4
6 24 2
6 25 7
6 26 4
6 28 3
6 29 2
6 30 8
6 32 3
6 33 7
6 36 3
6 37 4
6 38 9
6 39 2
6 40 7
6 41 4
6 42 2
6 43 5
6 44 2
6 45 4
6 46 4
6 47 3
6 48 8
6 49 6
6 51 8
6 52 9
6 53 2
6 54 2
6 55 3
6 56 1
6 57 8
6 58 3
6 59 4
6 60 2
6 61 2
6 62 4
6 63 5
6 64 1
6 65 7
6 66 5
6 67 7
6 68 1
6 69 6
6 70 9
6 71 8
6 72 1
6 73 3
6 74 3
6 75 3
6 76 7
6 77 9
6 78 8
6 79 6
6 80 7
6 82 4
6 83 8
6 84 4
6 85 8
6 86 1
6 87 6
6 88 8
6 89 5
6 90 2
6 91 1
6 92 9
6 93 9
6 94 6
6 96 6
6 97 4
6 98 9
6 99 9
6 101 8
6 102 9
6 103 3
6 104 1
6 105 4
6 106 8
6 107 9
6 108 6
6 109 7
6 110 7
6 111 3
6 112 7
6 113 1
6 114 2
6 115 2
6 116 1
6 117 5
6 119 9
6 121 4
6 123 1
6 124 3
6 125 7
6 126 4
6 127 1
7 8 1
7 9 3
7 11 3
7 12 2
7 13 1
7 14 7
7 15 5
7 16 6
7 17 5
7 18 4
7 19 2
7 20 2
7 21 1
7 22 7
7 23 2
7 24 4
7 25 1
7 26 6
7 27 5
7 28 7
7 29 8
7 30 5
7 31 9
7 32 2
7 33 7
7 34 3
7 35 6
7 36 4
7 37 7
7 38 9
7 39 7
7 40 2
7 41 2
7 42 1
7 43 6
7 44 3
7 46 2
7 47 1
7 48 5
7 49 6
7 50 5
7 53 3
7 54 4
7 55 6
7 56 6
7 58 2
7 59 5
7 60 8
7 61 9
7 62 5
7 64 6
7 66 8
7 67 3
7 68 7
7 69 8
7 70 2
7 71 1
7 73 5
7 74 8
7 75 5
7 76 5
7 78 7
7 79 3
7 80 8
7 81 2
7 82 3
7 84 7
7 85 7
7 86 7
7 87 6
7 88 9
7 89 1
7 90 1
7 91 9
7 93 8
7 94 9
7 95 8
7 96 8
7 98 3
7 99 7
7 101 6
7 102 9
7 103 2
7 104 1
7 105 7
7 106 7
7 107 9
7 108 7
7 109 6
7 110 2
7 111 7
7 112 1
7 113 5
7 114 8
7 115 8
7 116 4
7 117 5
7 118 6
7 119 5
7 120 6
7 121 8
7 122 4
7 123 8
7 124 8
7 125 3
7 126 8
7 127 7
8 9 5
8 10 2
8 11 4
8 12 5
8 14 5
8 15 7
8 16 3
8 17 2
8 18 7
8 19 2
8 20 1
8 21 3
8 22 4
8 23 9
8 24 4
8 25 1
8 26 9
8 27 5
8 28 7
8 29 4
8 30 1
8 31 2
8 32 2
8 33 1
8 34 6
8 35 2
8 37 2
8 38 2
8 39 9
8 40 7
8 41 4
8 42 3
8 43 5
8 44 6
8 45 1
8 46 4
8 48 3
8 49 1
8 50 2
8 51 7
8 52 7
8 53 9
8 54 8
8 55 1
8 57 7
8 58 6
8 60 1
8 62 2
8 63 5
8 64 1
8 65 9
8 66 7
8 67 1
8 68 3
8 69 1
8 70 2
8 72 6
8 73 8
8 74 7
8 75 4
8 76 9
8 77 2
8 78 4
8 79 4
8 80 5
8 81 9
8 82 1
8 83 2
8 84 8
8 85 9
8 86 6
8 88 6
8 89 4
8 91 9
8 92 4
8 93 5
8 94 4
8 95 6
8 96 6
8 97 3
8 98 9
8 99 9
8 100 5
8 101 2
8 102 1
8 103 3
8 105 9
8 106 9
8 107 1
8 108 3
8 109 4
8 110 5
8 111 8
8 112 5
8 113 7
8 114 3
8 115 3
8 116 8
8 117 9
8 118 5
8 119 5
8 120 3
8 121 8
8 122 6
8 124 3
8 125 3
8 126 6
8 127 1
9 10 8
9 11 7
9 13 5
9 14 1
9 15 1
9 17 3
9 20 4
9 21 5
9 22 4
9 23 2
9 24 4
9 25 9
9 26 9
9 27 9
9 28 4
9 29 9
9 30 8
9 31 1
9 32 6
9 33 3
9 34 9
9 35 3
9 36 3
9 37 4
9 38 6
9 39 1
9 40 5
9 41 6
9 42 1
9 43 7
9 44 2
9 45 2
9 46 9
9 47 2
9 48 8
9 49 1
9 50 2
9 51 4
9 52 7
9 53 8
9 54 6
9 55 3
9 56 7
9 57 7
9 58 2
9 59 3
9 60 7
9 61 2
9 62 5
9 63 3
9 64 7
9 65 6
9 66 8
9 67 1
9 68 3
9 69 6
9 70 4
9 72 3
9 73 5
9 74 8
9 75 5
9 77 9
9 78 9
9 79 8
9 81 2
9 82 4
9 83 9
9 85 1
9 86 2
9 89 6
9 90 3
9 91 9
9 93 8
9 94 3
9 95 8
9 96 7
9 97 3
9 98 1
9 101 5
9 103 3
9 104 1
9 105 8
9 107 1
9 108 7
9 109 9
9 110 1
9 112 3
9 113 5
9 114 9
9 115 4
9 116 8
9 117 4
9 118 6
9 119 9
9 120 2
9 121 9
9 123 3
9 125 3
9 126 3
9 127 7
10 11 9
10 12 4
10 13 9
10 14 9
10 15 1
10 16 9
10 17 4
10 18 2
10 20 6
10 21 5
10 22 9
10 23 5
10 24 6
10 25 1
10 26 1
10 27 4
10 28 3
10 29 7
10 30 2
10 31 7
10 32 3
10 33 3
10 34 9
10 35 2
10 36 4
10 37 4
10 38 4
10 39 9
10 40 9
10 41 3
10 42 8
10 43 3
10 44 2
10 45 9
10 46 5
10 47 4
10 48 3
10 49 9
10 50 4
10 51 9
10 52 5
10 53 5
10 54 7
10 55 3
10 56 9
10 58 7
10 59 2
10 60 7
10 61 2
10 62 9
10 64 5
10 66 4
10 67 1
10 68 7
10 69 9
10 70 3
10 71 6
10 72 2
10 73 1
10 74 2
10 75 5
10 76 3
10 77 9
10 78 1
10 79 8
10 80 8
10 81 7
10 83 5
10 84 2
10 85 7
10 86 9
10 87 1
10 88 9
10 89 6
10 90 3
10 91 6
10 92 8
10 93 4
10 94 6
10 95 6
10 96 7
10 97 2
10 98 7
10 99 4
10 100 1
10 103 6
10 104 4
10 105 4
10 106 3
10 107 7
10 108 3
10 109 4
10 110 7
10 111 2
10 112 1
10 113 7
10 114 9
10 115 5
10 116 6
10 117 8
10 118 9
10 119 5
10 120 5
10 121 2
10 122 1
10 123 5
10 124 9
10 125 9
10 126 1
10 127 6
11 12 2
11 13 1
11 15 5
11 16 3
11 17 2
11 18 1
11 19 9
11 20 7
11 21 6
11 22 8
11 23 2
11 25 6
11 26 4
11 27 3
11 28 3
11 29 6
11 30 9
11 32 4
11 33 8
11 34 5
11 35 1
11 36 2
11 37 9
11 38 7
11 39 3
11 40 8
11 42 9
11 43 2
11 44 3
11 45 1
11 46 8
11 47 7
11 48 4
11 49 1
11 50 6
11 51 3
11 52 8
11 53 5
11 54 5
11 56 1
11 57 2
11 58 6
11 59 4
11 60 8
11 61 5
11 62 6
11 63 2
11 64 5
11 65 2
11 66 6
11 67 9
11 68 1
11 69 3
11 70 3
11 71 1
11 72 5
11 73 2
11 74 6
11 75 9
11 76 4
11 77 4
11 78 6
11 80 7
11 81 4
11 82 3
11 83 7
11 84 9
11 87 2
11 88 2
11 89 6
11 90 9
11 92 3
11 93 5
11 94 5
11 95 8
11 96 7
11 97 1
11 98 7
11 100 6
11 102 4
11 103 1
11 104 3
11 106 2
11 107 9
11 108 6
11 110 9
11 111 3
11 112 5
11 113 4
11 114 3
11 115 6
11 116 4
11 117 3
11 118 1
11 119 9
11 120 1
11 122 9
11 123 4
11 124 5
11 125 6
11 126 2
11 127 5
12 13 9
12 14 1
12 15 7
12 16 7
12 17 4
12 18 1
12 19 1
12 20 9
12 21 1
12 22 3
12 23 8
12 24 7
12 25 4
12 26 9
12 27 3
12 28 1
12 29 3
12 30 8
12 31 7
12 32 9
12 33 3
12 34 8
12 35 8
12 36 4
12 39 8
12 40 6
12 41 8
12 42 2
12 43 3
12 44 8
12 45 5
12 47 5
12 48 9
12 49 2
12 50 6
12 51 8
12 52 5
12 53 2
12 54 8
12 55 3
12 56 6
12 57 7
12 58 8
12 59 7
12 60 2
12 61 6
12 62 6
12 63 2
12 64 9
12 65 7
12 67 3
12 68 7
12 69 2
12 70 3
12 71 5
12 72 1
12 73 7
12 74 8
12 75 9
12 76 4
12 77 1
12 78 6
12 79 4
12 80 3
12 81 5
12 82 4
12 83 8
12 84 7
12 85 3
12 86 3
12 87 5
12 89 1
12 90 4
12 91 5
12 92 7
12 94 7
12 95 8
12 96 9
12 97 9
12 98 3
12 99 9
12 100 4
12 101 6
12 102 4
12 103 5
12 104 5
12 105 5
12 106 6
12 108 6
12 109 2
12 110 6
12 111 9
12 112 9
12 113 2
12 114 9
12 115 6
12 116 5
12 117 5
12 118 3
12 119 8
12 120 6
12 121 7
12 122 3
12 123 6
12 125 2
12 126 6
12 127 9
13 14 3
13 16 8
13 17 7
13 18 6
13 19 5
13 20 2
13 21 4
13 24 6
13 25 8
13 26 5
13 27 4
13 28 9
13 29 4
13 30 6
13 31 8
13 32 3
13 33 2
13 34 3
13 35 6
13 36 2
13 37 2
13 38 4
13 39 7
13 41 4
13 42 9
13 43 6
13 44 5
13 45 4
13 46 6
13 47 4
13 48 2
13 49 5
13 50 1
13 51 6
13 52 1
13 53 3
13 54 7
13 55 7
13 56 1
13 57 2
13 58 1
13 60 8
13 61 9
13 63 1
13 64 3
13 65 4
13 66 8
13 67 5
13 68 8
13 69 2
13 70 2
13 72 6
13 73 3
13 74 6
13 75 1
13 77 5
13 78 7
13 79 4
13 80 2
13 83 3
13 84 3
13 85 9
13 87 4
13 88 3
13 89 3
13 90 4
13 91 2
13 92 4
13 93 5
13 94 3
13 95 8
13 96 1
13 97 1
13 98 3
13 99 1
13 100 5
13 101 8
13 102 1
13 103 3
13 104 3
13 105 9
13 106 7
13 107 5
13 108 4
13 109 4
13 110 9
13 111 6
13 112 7
13 113 2
13 114 1
13 116 1
13 117 3
13 118 7
13 119 7
13 120 6
13 121 3
13 122 9
13 123 1
13 125 4
13 126 1
13 127 1
14 15 8
14 16 6
14 17 4
14 18 3
14 19 4
14 20 7
14 21 7
14 23 7
14 24 4
14 25 5
14 26 3
14 28 7
14 29 2
14 30 9
14 31 9
14 32 3
14 34 2
14 35 7
14 36 9
14 37 9
14 38 5
14 39 2
14 41 8
14 42 3
14 43 5
14 44 9
14 45 6
14 46 5
14 47 6
14 48 3
14 50 2
14 52 7
14 53 4
14 54 7
14 55 3
14 57 1
14 58 6
14 59 7
14 60 5
14 61 7
14 62 8
14 63 8
14 64 9
14 66 7
14 67 8
14 69 3
14 70 1
14 72 3
14 73 6
14 74 7
14 75 3
14 76 2
14 77 2
14 78 1
14 79 5
14 80 3
14 81 3
14 82 8
14 83 2
14 84 8
14 85 5
14 86 8
14 88 8
14 89 6
14 90 9
14 91 3
14 92 3
14 93 7
14 94 4
14 95 3
14 96 7
14 97 1
14 98 3
14 99 9
14 100 6
14 101 4
14 102 2
14 104 2
14 105 9
14 106 5
14 107 7
14 108 4
14 109 6
14 110 4
14 111 9
14 112 1
14 113 2
14 114 3
14 115 1
14 116 8
14 117 1
14 118 3
14 119 8
14 120 9
14 121 2
14 122 4
14 123 5
14 124 1
14 127 1
15 16 3
15 17 3
15 21 2
15 22 2
15 23 2
15 24 4
15 25 7
15 26 9
15 27 8
15 28 5
15 29 4
15 30 7
15 31 8
15 32 6
15 35 6
15 36 4
15 37 3
15 38 7
15 39 5
15 40 8
15 41 1
15 43 9
15 44 3
15 46 2
15 47 6
15 48 4
15 49 3
15 50 8
15 51 6
15 52 7
15 54 8
15 55 1
15 56 9
15 57 8
15 58 1
15 59 6
15 60 4
15 61 8
15 62 5
15 64 1
15 65 5
15 66 9
15 67 7
15 69 6
15 70 2
15 71 8
15 72 9
15 73 5
15 75 2
15 76 7
15 77 2
15 78 8
15 79 1
15 80 7
15 81 7
15 82 9
15 83 7
15 84 9
15 85 8
15 86 8
15 87 9
15 88 8
15 90 5
15 91 2
15 93 2
15 94 4
15 95 3
15 96 7
15 97 3
15 100 1
15 101 5
15 102 8
15 106 4
15 107 7
15 108 5
15 109 3
15 110 1
15 111 4
15 112 2
15 114 1
15 115 3
15 118 4
15 119 8
15 120 2
15 121 2
15 123 2
15 124 4
15 125 5
15 126 8
15 127 4
16 18 8
16 19 4
16 20 2
16 21 5
16 22 4
16 23 2
16 24 7
16 25 5
16 26 7
16 27 5
16 28 2
16 29 2
16 30 8
16 31 6
16 32 6
16 35 9
16 36 1
16 37 2
16 38 6
16 39 9
16 40 4
16 41 8
16 42 2
16 43 8
16 44 2
16 45 7
16 46 8
16 47 6
16 48 7
16 49 7
16 51 9
16 52 4
16 53 5
16 54 4
16 55 2
16 56 2
16 57 3
16 58 9
16 59 6
16 60 5
16 61 7
16 62 4
16 63 3
16 64 9
16 65 4
16 66 4
16 68 6
16 70 2
16 71 2
16 72 8
16 73 4
16 74 3
16 75 1
16 76 1
16 77 1
16 78 9
16 82 2
16 83 5
16 84 7
16 85 6
16 86 9
16 87 1
16 88 9
16 89 8
16 90 7
16 91 6
16 92 5
16 93 1
16 94 1
16 95 4
16 96 8
16 97 5
16 98 7
16 99 6
16 100 6
16 101 9
16 102 1
16 103 4
16 104 3
16 105 6
16 106 7
16 107 6
16 108 9
16 109 7
16 110 6
16 112 9
16 114 7
16 115 6
16 116 6
16 117 8
16 118 7
16 119 7
16 120 6
16 121 6
16 122 5
16 123 3
16 124 7
16 125 6
16 126 9
16 127 7
17 18 2
17 19 6
17 20 4
17 22 7
17 23 5
17 24 4
17 26 1
17 27 2
17 28 8
17 30 1
17 31 5
17 32 2
17 34 7
17 35 1
17 36 6
17 37 4
17 38 9
17 39 5
17 40 3
17 41 5
17 42 1
17 43 1
17 46 7
17 48 8
17 49 1
17 50 6
17 51 4
17 52 1
17 53 4
17 54 9
17 55 8
17 56 6
17 57 2
17 58 2
17 59 5
17 60 2
17 61 3
17 62 2
17 63 7
17 64 3
17 65 9
17 67 1
17 68 5
17 70 6
17 71 9
17 72 7
17 73 9
17 74 2
17 75 8
17 76 9
17 77 9
17 78 8
17 79 9
17 80 3
17 81 6
17 82 3
17 83 6
17 85 4
17 86 4
17 87 9
17 88 6
17 89 6
17 90 4
17 91 1
17 92 9
17 93 8
17 95 4
17 96 9
17 98 5
17 99 5
17 101 1
17 102 6
17 104 2
17 105 8
17 106 8
17 107 4
17 108 9
17 109 8
17 110 3
17 111 4
17 112 4
17 113 9
17 114 1
17 115 7
17 116 5
17 117 7
17 118 6
17 119 2
17 120 4
17 121 2
17 122 5
17 123 5
17 125 5
17 126 2
17 127 9
18 19 7
18 20 7
18 21 6
18 22 8
18 23 1
18 24 2
18 26 3
18 27 2
18 28 8
18 29 7
18 30 4
18 31 6
18 32 3
18 33 8
18 35 4
18 36 9
18 37 7
18 38 9
18 39 7
18 40 5
18 41 1
18 42 3
18 43 7
18 44 8
18 46 9
18 47 5
18 48 2
18 49 1
18 50 3
18 51 2
18 52 7
18 53 3
18 54 3
18 55 2
18 56 3
18 57 8
18 58 6
18 59 1
18 60 6
18 62 9
18 63 1
18 64 9
18 65 1
18 66 5
18 68 9
18 69 4
18 70 9
18 71 6
18 72 8
18 73 2
18 74 4
18 75 6
18 76 5
18 77 3
18 78 4
18 79 7
18 80 4
18 81 7
18 82 1
18 83 4
18 85 4
18 86 8
18 87 3
18 88 3
18 89 4
18 90 6
18 91 1
18 92 5
18 93 5
18 94 4
18 95 6
18 96 6
18 97 9
18 98 6
18 99 7
18 100 5
18 101 6
18 102 4
18 103 3
18 106 2
18 107 5
18 108 3
18 109 8
18 110 5
18 112 5
18 113 6
18 114 6
18 115 7
18 116 3
18 117 4
18 119 8
18 121 8
18 122 1
18 123 5
18 124 3
18 125 5
18 126 1
18 127 1
19 20 4
19 22 1
19 23 1
19 24 8
19 25 5
19 26 7
19 27 8
19 28 5
19 29 1
19 30 6
19 32 9
19 33 1
19 34 2
19 35 4
19 36 9
19 38 1
19 39 4
19 40 4
19 41 3
19 42 2
19 43 5
19 44 1
19 45 3
19 46 2
19 47 6
19 49 6
19 50 9
19 51 6
19 52 8
19 54 8
19 55 6
19 56 7
19 57 5
19 58 4
19 59 4
19 60 6
19 62 5
19 63 5
19 64 3
19 65 9
19 66 1
19 67 5
19 69 4
19 70 9
19 71 6
19 72 7
19 73 4
19 74 3
19 76 9
19 77 6
19 78 6
19 80 4
19 81 5
19 82 8
19 83 2
19 84 8
19 85 6
19 86 8
19 87 5
19 88 3
19 89 4
19 91 1
19 92 7
19 93 7
19 94 8
19 96 8
19 97 9
19 98 7
19 99 8
19 100 3
19 101 9
19 102 7
19 103 2
19 104 5
19 106 2
19 107 4
19 108 8
19 110 6
19 111 2
19 112 6
19 113 5
19 114 6
19 115 6
19 116 3
19 117 4
19 118 1
19 119 7
19 120 1
19 121 3
19 123 8
19 124 2
19 125 9
19 127 1
20 22 8
20 23 1
20 24 6
20 25 7
20 26 8
20 27 8
20 28 2
20 29 1
20 30 3
20 31 8
20 32 9
20 33 3
20 34 5
20 35 4
20 36 1
20 37 2
20 38 2
20 39 7
20 40 7
20 41 9
20 42 1
20 43 4
20 45 4
20 46 7
20 47 8
20 48 7
20 49 6
20 50 8
20 52 8
20 53 6
20 54 1
20 55 4
20 56 5
20 57 2
20 58 5
20 59 9
20 60 3
20 61 8
20 62 8
20 63 4
20 64 3
20 65 5
20 67 5
20 68 9
20 69 3
20 70 4
20 71 6
20 72 2
20 73 5
20 74 3
20 75 2
20 79 9
20 80 8
20 82 9
20 83 6
20 84 7
20 85 2
20 86 1
20 87 4
20 88 4
20 89 8
20 90 4
20 91 9
20 92 8
20 93 4
20 94 4
20 95 1
20 96 9
20 97 6
20 98 8
20 100 9
20 101 3
20 102 6
20 103 3
20 104 8
20 105 9
20 106 5
20 108 1
20 109 7
20 110 1
20 111 9
20 112 8
20 113 2
20 114 6
20 115 7
20 116 5
20 117 9
20 118 3
20 119 9
20 120 9
20 121 7
20 122 9
20 123 7
20 124 3
20 125 5
20 127 4
21 22 1
21 23 9
21 24 4
21 25 1
21 26 4
21 27 3
21 28 6
21 29 4
21 30 2
21 31 2
21 32 7
21 33 6
21 34 1
21 35 8
21 36 5
21 37 1
21 38 1
21 39 3
21 41 6
21 42 4
21 43 4
21 44 7
21 45 5
21 46 3
21 47 8
21 48 2
21 49 7
21 50 3
21 51 5
21 52 3
21 53 7
21 54 4
21 55 8
21 58 1
21 59 6
21 60 4
21 61 5
21 62 8
21 63 3
21 64 1
21 65 2
21 66 2
21 67 9
21 68 5
21 69 5
21 70 4
21 71 6
21 72 3
21 73 1
21 74 2
21 76 6
21 77 5
21 78 1
21 79 9
21 80 4
21 81 4
21 82 6
21 83 8
21 84 1
21 86 8
21 87 1
21 88 2
21 89 9
21 90 8
21 91 8
21 92 6
21 93 8
21 94 2
21 96 2
21 97 4
21 98 9
21 99 8
21 100 1
21 101 5
21 102 6
21 103 4
21 104 6
21 105 8
21 106 6
21 107 3
21 108 5
21 109 7
21 110 4
21 111 2
21 112 4
21 114 2
21 115 7
21 116 2
21 118 1
21 119 6
21 120 1
21 121 9
21 122 4
21 123 9
21 124 9
21 125 6
21 126 9
21 127 4
22 23 2
22 25 2
22 26 3
22 27 6
22 28 8
22 29 9
22 30 2
22 31 8
22 32 6
22 33 7
22 34 3
22 35 5
22 36 3
22 37 5
22 38 9
22 39 5
22 40 9
22 41 7
22 42 9
22 43 9
22 45 5
22 46 2
22 47 1
22 49 2
22 51 6
22 52 3
22 53 6
22 54 9
22 55 4
22 56 8
22 57 4
22 59 8
22 60 4
22 61 4
22 62 8
22 63 2
22 64 4
22 65 2
22 66 7
22 67 7
22 68 9
22 69 9
22 70 3
22 71 9
22 72 8
22 73 4
22 75 8
22 77 5
22 78 9
22 80 9
22 81 1
22 82 8
22 83 2
22 84 8
22 85 7
22 86 6
22 87 8
22 88 4
22 89 8
22 90 9
22 91 8
22 92 3
22 93 7
22 95 7
22 96 1
22 97 9
22 98 6
22 99 3
22 101 1
22 102 4
22 103 8
22 104 6
22 105 6
22 106 6
22 107 6
22 108 1
22 109 7
22 110 8
22 111 2
22 112 9
22 113 6
22 114 5
22 115 9
22 116 4
22 117 3
22 118 7
22 119 8
22 120 2
22 121 8
22 122 8
22 123 7
22 124 6
22 126 4
22 127 9
23 24 1
23 25 2
23 26 2
23 27 2
23 28 4
23 29 6
23 31 2
23 32 3
23 33 9
23 34 8
23 35 6
23 36 8
23 37 6
23 38 9
23 39 7
23 40 2
23 41 6
23 42 8
23 43 8
23 44 9
23 45 8
23 46 8
23 47 1
23 48 6
23 49 8
23 51 4
23 52 8
23 53 4
23 54 4
23 55 2
23 56 9
23 57 6
23 58 4
23 59 5
23 60 5
23 61 4
23 62 7
23 64 5
23 65 7
23 66 6
23 67 4
23 68 3
23 69 5
23 70 3
23 71 7
23 72 3
23 73 2
23 74 8
23 75 3
23 77 8
23 78 6
23 79 6
23 80 9
23 81 7
23 82 1
23 83 9
23 84 3
23 85 7
23 86 1
23 87 2
23 88 3
23 89 5
23 90 7
23 92 2
23 93 6
23 95 7
23 96 3
23 97 7
23 98 1
23 99 8
23 100 4
23 101 7
23 102 6
23 103 8
23 104 9
23 105 6
23 106 3
23 107 9
23 108 6
23 109 9
23 110 7
23 111 5
23 112 6
23 114 5
23 115 2
23 116 7
23 117 6
23 118 6
23 119 3
23 120 2
23 121 4
23 122 3
23 123 6
23 125 4
23 126 3
23 127 6
24 25 3
24 26 7
24 27 4
24 28 9
24 29 4
24 30 2
24 31 9
24 32 3
24 33 8
24 34 2
24 35 4
24 36 5
24 37 4
24 38 3
24 39 2
24 40 2
24 41 4
24 42 7
24 43 4
24 44 1
24 45 6
24 46 1
24 47 6
24 48 8
24 49 7
24 51 4
24 52 9
24 53 6
24 54 9
24 55 5
24 56 1
24 57 6
24 59 2
24 60 2
24 61 2
24 62 2
24 63 7
24 64 3
24 65 6
24 66 1
24 69 7
24 70 2
24 71 3
24 72 1
24 74 7
24 75 4
24 76 8
24 78 1
24 79 8
24 80 7
24 81 3
24 82 4
24 83 7
24 84 1
24 85 3
24 86 4
24 87 4
24 88 2
24 89 4
24 90 6
24 91 4
24 92 9
24 93 8
24 94 4
24 95 2
24 96 5
24 97 7
24 98 2
24 99 7
24 100 4
24 101 4
24 103 5
24 104 6
24 107 4
24 109 3
24 110 2
24 112 8
24 113 6
24 114 9
24 115 9
24 116 2
24 117 3
24 118 5
24 119 4
24 120 8
24 121 1
24 123 7
24 124 2
24 125 4
24 126 9
24 127 9
25 26 2
25 27 3
25 28 6
25 29 6
25 30 7
25 31 7
25 32 4
25 33 6
25 34 9
25 35 6
25 37 9
25 38 9
25 39 5
25 40 1
25 41 7
25 42 3
25 44 8
25 45 5
25 46 4
25 47 3
25 48 9
25 49 4
25 50 6
25 51 2
25 52 3
25 53 8
25 54 6
25 55 2
25 56 7
25 58 7
25 59 6
25 60 7
25 61 4
25 62 3
25 63 1
25 64 2
25 65 4
25 66 7
25 67 5
25 68 5
25 69 8
25 71 7
25 72 7
25 73 3
25 74 7
25 75 7
25 76 9
25 77 3
25 78 2
25 80 7
25 81 8
25 82 2
25 84 7
25 85 1
25 86 4
25 87 6
25 88 1
25 89 1
25 90 2
25 91 8
25 92 8
25 93 7
25 94 1
25 96 1
25 98 7
25 99 9
25 101 7
25 102 6
25 103 9
25 104 3
25 105 3
25 106 6
25 107 4
25 108 9
25 109 8
25 110 4
25 111 6
25 112 9
25 113 9
25 114 7
25 115 8
25 117 1
25 118 4
25 119 3
25 120 5
25 121 9
25 122 4
25 123 3
25 124 8
25 125 5
25 126 5
25 127 2
26 27 8
26 28 3
26 29 1
26 30 8
26 31 2
26 32 7
26 34 5
26 35 2
26 36 6
26 37 1
26 38 1
26 39 7
26 40 8
26 41 8
26 42 6
26 43 7
26 44 7
26 45 4
26 46 9
26 49 2
26 50 7
26 51 1
26 52 6
26 53 2
26 55 4
26 56 8
26 57 2
26 58 2
26 59 3
26 60 3
26 61 2
26 62 7
26 63 2
26 64 4
26 65 5
26 66 4
26 67 1
26 68 6
26 69 8
26 71 4
26 72 8
26 73 8
26 74 3
26 75 5
26 76 2
26 77 4
26 78 7
26 79 4
26 80 7
26 81 5
26 82 6
26 83 5
26 84 7
26 85 6
26 86 9
26 87 7
26 89 3
26 90 2
26 91 3
26 92 8
26 94 5
26 95 2
26 96 5
26 97 1
26 98 5
26 99 1
26 100 1
26 101 5
26 102 8
26 103 9
26 104 3
26 105 3
26 106 6
26 107 7
26 108 8
26 109 6
26 110 2
26 111 5
26 112 1
26 116 8
26 117 2
26 118 8
26 119 8
26 120 7
26 122 1
26 123 5
26 125 8
26 127 7
27 28 1
27 29 5
27 30 1
27 31 3
27 32 3
27 33 9
27 34 4
27 35 8
27 36 2
27 37 3
27 38 6
27 40 9
27 42 7
27 44 2
27 48 4
27 50 8
27 51 1
27 52 1
27 53 9
27 54 9
27 55 3
27 56 9
27 57 9
27 58 1
27 59 2
27 60 6
27 61 4
27 62 7
27 63 9
27 64 3
27 65 2
27 66 8
27 67 7
27 68 5
27 69 6
27 71 4
27 72 6
27 73 9
27 74 6
27 75 8
27 76 9
27 77 6
27 78 8
27 79 5
27 80 9
27 81 8
27 82 7
27 84 7
27 85 8
27 86 5
27 87 8
27 88 7
27 89 8
27 91 5
27 92 2
27 93 8
27 94 5
27 95 7
27 96 2
27 97 5
27 98 7
27 99 9
27 100 1
27 101 7
27 102 3
27 103 9
27 104 6
27 105 9
27 106 9
27 107 8
27 108 7
27 109 7
27 110 3
27 111 6
27 112 5
27 113 2
27 114 8
27 115 4
27 117 6
27 118 4
27 119 9
27 120 6
27 121 6
27 122 5
27 123 9
27 124 6
27 125 2
27 126 8
27 127 8
28 29 7
28 30 5
28 31 7
28 33 2
28 34 2
28 35 9
28 36 1
28 37 3
28 38 8
28 39 1
28 40 3
28 41 7
28 42 6
28 43 1
28 44 4
28 45 9
28 46 2
28 48 1
28 49 8
28 50 6
28 51 3
28 52 4
28 53 2
28 55 5
28 56 9
28 57 4
28 58 4
28 59 9
28 60 1
28 61 9
28 62 9
28 63 3
28 64 4
28 65 1
28 66 2
28 67 5
28 68 7
28 69 2
28 70 6
28 72 1
28 73 4
28 74 1
28 75 5
28 76 3
28 77 5
28 78 7
28 79 7
28 80 3
28 81 3
28 82 2
28 84 7
28 85 4
28 86 7
28 87 6
28 88 8
28 89 1
28 90 8
28 91 9
28 92 3
28 93 7
28 94 2
28 95 7
28 97 6
28 98 4
28 99 7
28 101 2
28 102 9
28 103 1
28 104 6
28 105 3
28 106 8
28 107 2
28 108 8
28 109 5
28 110 9
28 111 2
28 113 3
28 114 4
28 115 7
28 116 7
28 117 1
28 118 6
28 119 5
28 120 5
28 121 4
28 122 6
28 123 8
28 124 1
28 126 5
28 127 1
29 30 8
29 31 9
29 32 1
29 33 8
29 34 1
29 36 9
29 37 7
29 38 3
29 39 9
29 40 1
29 41 2
29 42 6
29 43 2
29 44 6
29 45 6
29 46 5
29 48 5
29 49 4
29 50 3
29 51 1
29 52 9
29 53 8
29 54 7
29 55 7
29 56 6
29 57 8
29 58 7
29 59 3
29 60 2
29 61 5
29 62 4
29 63 3
29 64 5
29 65 7
29 66 5
29 67 6
29 68 5
29 69 9
29 70 5
29 71 8
29 72 3
29 73 3
29 74 1
29 75 9
29 76 9
29 77 6
29 78 1
29 79 7
29 80 1
29 81 4
29 83 2
29 84 5
29 85 8
29 87 1
29 88 6
29 89 9
29 90 7
29 92 5
29 93 1
29 94 3
29 95 2
29 96 9
29 97 9
29 98 9
29 99 6
29 101 6
29 102 4
29 103 3
29 105 5
29 106 4
29 107 1
29 108 4
29 109 5
29 110 8
29 111 5
29 112 1
29 113 9
29 114 9
29 115 6
29 116 7
29 117 9
29 119 5
29 120 9
29 121 7
29 122 6
29 123 6
29 124 8
29 125 1
29 126 8
29 127 9
30 31 2
30 32 9
30 33 5
30 34 4
30 35 6
30 36 2
30 37 7
30 38 6
30 39 7
30 40 1
30 41 7
30 42 1
30 43 8
30 44 6
30 45 8
30 47 7
30 48 8
30 49 6
30 50 6
30 51 9
30 52 6
30 53 1
30 54 8
30 55 5
30 56 9
30 57 6
30 58 6
30 59 1
30 60 7
30 61 5
30 62 5
30 63 6
30 64 3
30 66 2
30 67 5
30 68 9
30 69 8
30 70 2
30 71 3
30 72 8
30 73 6
30 74 1
30 75 6
30 76 6
30 77 1
30 78 3
30 79 4
30 81 9
30 82 6
30 83 8
30 84 2
30 85 6
30 86 4
30 87 2
30 88 3
30 90 5
30 92 7
30 93 2
30 94 8
30 96 2
30 97 3
30 98 5
30 99 4
30 100 3
30 102 7
30 103 1
30 104 8
30 105 8
30 106 7
30 107 4
30 108 2
30 109 2
30 110 1
30 111 2
30 112 1
30 113 7
30 114 2
30 115 6
30 116 3
30 117 6
30 119 8
30 120 8
30 121 7
30 123 8
30 124 9
30 125 9
30 126 8
30 127 4
31 32 2
31 33 6
31 34 8
31 35 7
31 36 8
31 37 5
31 38 9
31 39 8
31 40 3
31 41 6
31 42 4
31 43 7
31 44 1
31 45 5
31 46 9
31 47 4
31 48 4
31 49 2
31 54 8
31 55 1
31 56 7
31 57 1
31 58 9
31 59 9
31 61 9
31 62 3
31 63 4
31 64 7
31 65 3
31 66 1
31 67 7
31 68 8
31 69 2
31 70 5
31 71 3
31 72 1
31 73 2
31 74 1
31 75 2
31 76 9
31 77 2
31 78 6
31 79 4
31 80 6
31 81 9
31 82 6
31 83 9
31 84 9
31 85 4
31 87 9
31 88 5
31 89 1
31 91 7
31 92 2
31 93 3
31 94 3
31 95 2
31 96 8
31 97 7
31 98 1
31 99 6
31 100 1
31 101 9
31 102 1
31 103 2
31 104 1
31 105 4
31 106 6
31 108 7
31 109 3
31 110 6
31 111 5
31 112 2
31 113 2
31 114 4
31 115 3
31 116 9
31 117 6
31 118 4
31 119 6
31 120 7
31 121 4
31 122 6
31 123 2
31 124 9
31 125 9
31 126 6
31 127 7
32 33 8
32 34 7
32 35 5
32 36 2
32 37 6
32 38 7
32 39 4
32 40 7
32 41 1
32 42 1
32 43 8
32 45 6
32 46 6
32 47 6
32 49 9
32 51 5
32 52 8
32 53 7
32 55 4
32 56 6
32 57 6
32 60 6
32 61 2
32 62 6
32 63 5
32 64 2
32 65 4
32 66 1
32 67 4
32 68 2
32 70 1
32 72 3
32 73 4
32 75 4
32 77 6
32 78 2
32 79 2
32 80 7
32 81 2
32 82 7
32 83 5
32 84 1
32 85 9
32 88 6
32 89 2
32 91 2
32 92 4
32 93 9
32 94 9
32 95 9
32 96 5
32 98 3
32 99 7
32 101 4
32 102 9
32 103 4
32 104 8
32 105 9
32 108 8
32 109 2
32 110 2
32 111 5
32 112 6
32 113 2
32 114 1
32 115 8
32 116 1
32 117 3
32 119 7
32 120 7
32 121 2
32 122 1
32 123 4
32 124 1
32 125 1
32 126 3
32 127 6
33 34 3
33 35 8
33 36 6
33 37 6
33 38 3
33 39 5
33 40 2
33 41 3
33 42 7
33 43 2
33 44 6
33 45 5
33 46 6
33 47 8
33 49 2
33 50 2
33 51 3
33 52 2
33 53 4
33 54 8
33 55 2
33 56 3
33 57 8
33 58 5
33 59 7
33 60 2
33 61 8
33 62 8
33 63 7
33 64 7
33 65 3
33 66 5
33 67 3
33 68 9
33 70 8
33 71 1
33 72 6
33 73 5
33 74 5
33 75 2
33 76 2
33 77 1
33 78 2
33 79 5
33 80 6
33 81 5
33 82 8
33 83 8
33 84 9
33 85 9
33 86 3
33 87 4
33 88 7
33 90 1
33 91 1
33 93 1
33 94 8
33 95 7
33 96 5
33 97 3
33 99 6
33 100 6
33 101 1
33 102 8
33 103 2
33 104 8
33 105 5
33 106 4
33 107 3
33 108 9
33 109 6
33 110 8
33 111 5
33 112 1
33 113 8
33 114 5
33 115 2
33 116 9
33 118 7
33 119 6
33 122 7
33 123 3
33 124 2
33 125 7
33 127 7
34 35 1
34 36 3
34 37 3
34 38 7
34 39 6
34 40 3
34 41 9
34 42 6
34 43 9
34 44 5
34 45 9
34 46 8
34 47 1
34 48 7
34 49 5
34 50 3
34 51 8
34 53 7
34 54 7
34 55 3
34 56 4
34 57 6
34 58 5
34 59 5
34 60 5
34 61 8
34 62 9
34 63 3
34 64 9
34 65 6
34 66 6
34 67 4
34 68 1
34 69 5
34 71 7
34 72 6
34 73 6
34 74 8
34 75 1
34 76 6
34 77 8
34 78 2
34 79 5
34 80 3
34 81 7
34 82 3
34 83 5
34 84 5
34 85 1
34 86 8
34 87 1
34 88 7
34 89 6
34 90 8
34 91 2
34 92 4
34 93 7
34 94 7
34 95 3
34 96 3
34 97 3
34 98 7
34 99 7
34 100 8
34 101 9
34 102 6
34 103 4
34 104 6
34 105 4
34 106 5
34 107 4
34 108 2
34 110 9
34 111 7
34 112 7
34 113 5
34 114 4
34 115 4
34 116 6
34 117 5
34 118 6
34 119 5
34 120 1
34 121 4
34 122 9
34 123 5
34 124 2
34 125 7
34 126 1
34 127 7
35 38 6
35 39 1
35 41 2
35 42 5
35 43 8
35 44 6
35 45 3
35 46 2
35 48 3
35 49 1
35 50 9
35 51 2
35 52 6
35 53 6
35 54 7
35 55 4
35 56 1
35 57 3
35 58 1
35 59 4
35 60 9
35 61 1
35 62 1
35 63 1
35 65 2
35 66 1
35 67 2
35 68 5
35 69 7
35 70 3
35 71 5
35 73 1
35 74 5
35 75 8
35 76 6
35 77 7
35 78 1
35 79 9
35 81 2
35 82 3
35 83 9
35 84 8
35 86 3
35 87 1
35 88 5
35 89 7
35 90 7
35 91 7
35 93 9
35 94 8
35 96 3
35 97 1
35 98 4
35 99 8
35 100 9
35 102 5
35 103 1
35 104 3
35 106 1
35 107 9
35 108 9
35 109 2
35 112 7
35 113 3
35 114 9
35 115 7
35 116 6
35 117 4
35 118 9
35 119 3
35 120 3
35 121 8
35 123 3
35 124 7
35 125 1
35 126 5
35 127 1
36 37 2
36 38 2
36 39 1
36 40 3
36 41 2
36 42 7
36 43 4
36 44 5
36 45 9
36 46 6
36 47 4
36 48 9
36 50 4
36 51 1
36 52 7
36 53 9
36 55 5
36 56 5
36 57 6
36 58 6
36 59 1
36 61 4
36 62 1
36 63 5
36 64 2
36 65 4
36 66 3
36 67 5
36 68 7
36 69 5
36 70 6
36 71 2
36 72 7
36 73 5
36 74 7
36 75 4
36 76 5
36 77 3
36 78 8
36 79 6
36 80 3
36 81 4
36 82 7
36 83 1
36 84 3
36 85 9
36 86 8
36 87 1
36 88 7
36 89 4
36 90 2
36 91 9
36 92 8
36 93 5
36 94 5
36 95 2
36 96 2
36 98 7
36 99 1
36 100 5
36 101 6
36 102 3
36 103 2
36 104 1
36 106 8
36 107 8
36 108 5
36 109 6
36 110 4
36 111 9
36 112 2
36 113 3
36 114 2
36 115 7
36 116 2
36 117 2
36 118 8
36 119 2
36 120 6
36 121 2
36 122 1
36 123 6
36 125 8
36 126 9
36 127 2
37 38 8
37 39 8
37 40 5
37 41 5
37 42 4
37 43 8
37 44 9
37 45 8
37 46 9
37 47 7
37 48 6
37 49 4
37 50 5
37 51 3
37 52 5
37 53 7
37 54 6
37 55 9
37 56 5
37 57 1
37 58 1
37 59 5
37 60 5
37 61 9
37 63 6
37 64 6
37 65 2
37 66 7
37 67 7
37 68 6
37 69 7
37 70 5
37 71 1
37 72 3
37 73 2
37 74 9
37 75 2
37 79 8
37 80 7
37 81 5
37 82 1
37 83 4
37 84 5
37 86 4
37 88 3
37 89 7
37 90 7
37 91 8
37 92 7
37 93 7
37 94 4
37 95 3
37 96 1
37 97 3
37 99 7
37 100 1
37 101 7
37 102 8
37 103 6
37 104 1
37 106 8
37 107 3
37 110 2
37 111 9
37 112 6
37 113 5
37 114 4
37 115 3
37 116 7
37 118 5
37 120 7
37 121 2
37 122 8
37 123 4
37 124 2
37 125 5
37 126 7
37 127 3
38 39 8
38 40 9
38 41 1
38 42 1
38 43 9
38 44 9
38 45 7
38 47 9
38 48 6
38 49 6
38 50 2
38 51 8
38 52 8
38 53 1
38 54 6
38 55 5
38 56 7
38 57 9
38 58 3
38 59 7
38 60 4
38 61 5
38 62 5
38 63 7
38 64 4
38 65 9
38 66 1
38 67 9
38 68 9
38 69 4
38 70 9
38 72 5
38 73 1
38 74 1
38 75 7
38 76 8
38 77 2
38 78 8
38 79 6
38 80 8
38 82 5
38 83 8
38 84 4
38 85 1
38 86 5
38 87 1
38 88 1
38 90 9
38 91 5
38 92 6
38 93 6
38 94 4
38 95 2
38 96 5
38 97 5
38 98 1
38 99 6
38 102 9
38 103 7
38 104 3
38 106 6
38 107 2
38 108 4
38 109 5
38 111 2
38 112 7
38 113 5
38 114 2
38 115 3
38 116 9
38 118 7
38 121 6
38 122 7
38 123 8
38 124 4
38 125 4
38 127 1
39 40 9
39 41 1
39 42 8
39 43 1
39 44 4
39 45 9
39 46 1
39 47 7
39 48 9
39 49 7
39 50 1
39 51 4
39 52 4
39 53 2
39 54 8
39 55 4
39 56 9
39 57 3
39 58 9
39 59 8
39 60 3
39 61 6
39 63 5
39 64 4
39 66 4
39 67 8
39 68 4
39 69 4
39 71 3
39 72 8
39 74 7
39 75 4
39 76 9
39 77 8
39 78 3
39 79 8
39 80 7
39 81 5
39 82 4
39 83 4
39 84 9
39 85 3
39 86 8
39 87 8
39 88 8
39 89 7
39 90 9
39 91 1
39 92 6
39 93 9
39 94 8
39 96 9
39 97 2
39 98 9
39 99 3
39 100 9
39 101 9
39 102 9
39 103 7
39 104 9
39 105 6
39 106 3
39 108 6
39 109 6
39 110 8
39 111 3
39 112 3
39 113 5
39 114 7
39 115 2
39 117 7
39 118 3
39 119 8
39 120 7
39 121 2
39 122 1
39 123 3
39 124 3
39 125 9
39 126 5
39 127 3
40 41 2
40 42 4
40 43 8
40 44 3
40 45 5
40 46 9
40 47 2
40 48 6
40 49 7
40 50 5
40 51 6
40 52 3
40 53 1
40 54 7
40 55 9
40 56 5
40 57 2
40 58 8
40 59 9
40 60 2
40 61 8
40 62 2
40 64 5
40 65 4
40 66 1
40 69 2
40 70 5
40 71 3
40 72 6
40 73 2
40 74 3
40 75 9
40 76 7
40 77 5
40 78 1
40 79 4
40 80 2
40 81 8
40 82 2
40 83 8
40 84 2
40 85 9
40 86 9
40 87 9
40 88 1
40 89 9
40 90 8
40 91 5
40 92 7
40 93 3
40 94 5
40 95 4
40 96 9
40 97 8
40 98 4
40 99 9
40 100 3
40 101 2
40 102 4
40 103 9
40 104 4
40 105 8
40 106 9
40 107 3
40 108 3
40 109 2
40 110 9
40 111 7
40 112 3
40 113 2
40 114 5
40 115 5
40 116 3
40 117 6
40 118 4
40 119 7
40 120 6
40 121 4
40 122 2
40 123 3
40 124 7
40 127 7
41 43 6
41 44 6
41 45 3
41 46 8
41 47 1
41 48 3
41 49 4
41 50 1
41 51 4
41 52 8
41 53 6
41 54 8
41 55 7
41 56 5
41 57 1
41 58 9
41 59 3
41 60 8
41 61 3
41 62 9
41 63 4
41 64 2
41 65 5
41 66 9
41 67 4
41 68 1
41 69 8
41 70 4
41 71 1
41 72 7
41 73 7
41 74 9
41 75 4
41 77 8
41 78 7
41 79 5
41 80 4
41 82 9
41 83 2
41 84 8
41 87 3
41 88 1
41 89 1
41 90 6
41 91 2
41 92 6
41 93 6
41 94 6
41 95 8
41 96 3
41 97 7
41 98 5
41 99 4
41 100 6
41 101 1
41 102 7
41 103 3
41 104 8
41 105 9
41 106 9
41 107 9
41 108 9
41 109 8
41 110 6
41 111 3
41 112 8
41 113 8
41 114 6
41 115 6
41 116 8
41 117 8
41 118 2
41 119 1
41 120 1
41 121 8
41 122 3
41 123 8
41 124 6
41 126 8
42 43 7
42 44 3
42 45 6
42 46 5
42 47 5
42 48 6
42 49 9
42 50 3
42 51 5
42 53 4
42 54 4
42 55 9
42 56 3
42 57 7
42 58 7
42 59 1
42 60 5
42 61 6
42 62 9
42 63 3
42 64 8
42 66 7
42 67 8
42 68 6
42 69 5
42 70 5
42 71 8
42 72 3
42 73 5
42 74 7
42 75 9
42 76 1
42 77 3
42 78 4
42 79 7
42 80 4
42 81 9
42 82 4
42 83 4
42 84 6
42 85 8
42 86 5
42 87 9
42 88 8
42 89 5
42 90 2
42 91 3
42 92 1
42 93 1
42 94 9
42 95 1
42 96 3
42 97 6
42 98 9
42 99 1
42 100 3
42 101 4
42 102 9
42 103 8
42 104 1
42 105 7
42 106 9
42 107 3
42 109 3
42 110 2
42 111 6
42 112 5
42 113 9
42 114 2
42 115 3
42 116 7
42 117 8
42 118 4
42 119 7
42 120 3
42 121 6
42 122 3
42 123 6
42 124 9
42 125 2
42 126 7
42 127 2
43 45 8
43 46 4
43 47 5
43 48 3
43 49 5
43 50 5
43 51 4
43 52 2
43 53 5
43 54 9
43 55 4
43 57 4
43 59 5
43 60 3
43 61 5
43 63 2
43 64 3
43 65 4
43 67 6
43 68 2
43 69 3
43 70 2
43 71 1
43 72 7
43 73 1
43 74 4
43 75 9
43 76 9
43 78 6
43 79 4
43 80 5
43 81 1
43 82 1
43 84 6
43 85 2
43 86 6
43 87 7
43 88 6
43 89 9
43 90 4
43 91 1
43 92 4
43 93 5
43 94 6
43 95 7
43 96 1
43 97 6
43 98 5
43 99 4
43 100 1
43 101 9
43 102 7
43 105 1
43 106 1
43 107 1
43 108 3
43 109 7
43 110 6
43 111 1
43 112 8
43 113 7
43 114 3
43 115 7
43 116 1
43 117 9
43 118 4
43 120 8
43 122 1
43 123 4
43 124 7
43 125 7
43 126 3
43 127 9
44 45 5
44 46 8
44 47 5
44 48 8
44 49 7
44 50 2
44 51 8
44 52 9
44 53 6
44 54 9
44 55 1
44 56 1
44 57 8
44 58 9
44 59 4
44 60 7
44 61 8
44 62 7
44 63 4
44 64 9
44 65 9
44 67 9
44 68 9
44 70 3
44 71 4
44 72 8
44 73 2
44 74 7
44 75 9
44 77 6
44 78 6
44 79 8
44 80 5
44 82 9
44 83 7
44 84 6
44 86 8
44 88 9
44 89 9
44 90 4
44 91 8
44 92 7
44 93 2
44 94 4
44 95 8
44 96 1
44 97 4
44 98 8
44 100 6
44 101 3
44 102 6
44 103 6
44 104 5
44 105 4
44 106 7
44 107 7
44 108 2
44 109 5
44 110 6
44 111 9
44 112 6
44 113 7
44 114 6
44 115 4
44 116 7
44 117 4
44 118 4
44 119 6
44 120 3
44 121 9
44 122 6
44 123 2
44 124 3
44 126 1
44 127 6
45 46 6
45 47 1
45 48 8
45 49 5
45 50 4
45 51 5
45 52 1
45 53 1
45 54 1
45 55 1
45 56 9
45 57 3
45 58 6
45 59 7
45 60 2
45 61 4
45 62 4
45 63 1
45 64 9
45 65 1
45 66 5
45 67 5
45 69 1
45 70 6
45 71 6
45 72 5
45 73 9
45 74 7
45 75 6
45 76 7
45 77 3
45 78 9
45 79 6
45 80 8
45 81 5
45 82 3
45 83 2
45 84 7
45 85 6
45 86 5
45 87 8
45 88 1
45 89 3
45 90 5
45 91 3
45 92 8
45 93 9
45 94 6
45 95 9
45 96 2
45 97 2
45 98 4
45 99 2
45 100 5
45 101 1
45 102 9
45 103 2
45 104 2
45 105 6
45 106 1
45 108 1
45 110 8
45 111 2
45 112 6
45 113 3
45 114 6
45 115 5
45 116 9
45 117 3
45 118 3
45 120 6
45 121 8
45 122 5
45 123 6
45 124 9
45 125 2
45 126 5
45 127 1
46 47 6
46 49 4
46 50 3
46 51 1
46 52 5
46 53 5
46 54 3
46 55 3
46 56 6
46 57 5
46 58 4
46 59 9
46 60 3
46 61 8
46 62 5
46 63 8
46 64 6
46 66 7
46 67 9
46 68 5
46 69 7
46 70 6
46 71 3
46 72 3
46 73 2
46 74 4
46 75 7
46 76 8
46 77 5
46 78 3
46 80 9
46 81 6
46 82 3
46 83 4
46 84 1
46 85 8
46 86 9
46 88 4
46 89 4
46 90 9
46 91 9
46 92 4
46 93 4
46 94 8
46 95 1
46 96 6
46 97 5
46 99 1
46 100 5
46 101 8
46 102 6
46 104 1
46 106 7
46 107 1
46 108 7
46 110 3
46 111 9
46 112 8
46 113 6
46 114 5
46 115 1
46 116 4
46 117 5
46 118 1
46 120 9
46 123 5
46 124 6
46 126 6
46 127 4
47 48 5
47 49 7
47 50 7
47 51 2
47 52 7
47 53 3
47 54 2
47 55 8
47 56 5
47 57 9
47 58 1
47 59 3
47 60 1
47 61 4
47 62 2
47 63 9
47 65 9
47 66 1
47 67 7
47 68 4
47 69 2
47 70 7
47 71 5
47 72 5
47 73 7
47 74 1
47 75 3
47 76 7
47 77 7
47 78 8
47 79 5
47 80 6
47 81 5
47 82 7
47 83 4
47 84 1
47 85 2
47 86 4
47 87 6
47 88 1
47 89 8
47 90 1
47 91 5
47 92 2
47 93 5
47 94 4
47 95 5
47 96 5
47 97 7
47 98 2
47 99 9
47 100 2
47 101 9
47 102 5
47 103 7
47 104 9
47 105 6
47 107 8
47 108 5
47 110 5
47 111 4
47 112 6
47 113 5
47 115 7
47 116 7
47 117 4
47 118 5
47 120 2
47 121 9
47 122 5
47 123 7
47 124 4
47 125 2
47 126 2
47 127 1
48 49 9
48 50 6
48 51 1
48 52 1
48 53 7
48 54 8
48 56 6
48 57 6
48 58 3
48 59 7
48 60 1
48 61 3
48 62 2
48 63 7
48 64 1
48 65 9
48 66 7
48 68 6
48 69 2
48 70 6
48 71 7
48 72 6
48 73 7
48 74 4
48 75 3
48 76 1
48 77 6
48 78 7
48 79 5
48 80 8
48 81 3
48 82 8
48 83 1
48 84 1
48 85 6
48 86 4
48 87 9
48 88 2
48 89 7
48 90 6
48 91 5
48 92 2
48 93 1
48 94 5
48 95 4
48 97 2
48 98 4
48 99 7
48 100 4
48 101 2
48 102 6
48 103 3
48 104 9
48 106 6
48 107 3
48 108 9
48 109 6
48 110 8
48 111 7
48 112 9
48 113 6
48 114 8
48 116 4
48 117 2
48 119 8
48 120 1
48 121 8
48 122 5
48 123 4
48 124 9
48 127 2
49 50 3
49 51 6
49 52 9
49 53 9
49 54 1
49 55 7
49 56 2
49 58 9
49 59 1
49 60 5
49 61 8
49 62 7
49 63 3
49 64 5
49 65 8
49 66 1
49 67 6
49 68 1
49 69 5
49 71 3
49 72 3
49 73 2
49 74 1
49 75 9
49 76 8
49 77 3
49 78 9
49 80 5
49 81 2
49 82 6
49 83 6
49 84 4
49 85 7
49 86 3
49 87 6
49 89 4
49 90 9
49 91 5
49 92 3
49 93 8
49 94 1
49 96 7
49 97 2
49 98 8
49 99 8
49 100 8
49 101 9
49 102 1
49 103 3
49 104 3
49 105 4
49 106 4
49 107 1
49 108 9
49 109 4
49 110 3
49 111 4
49 112 8
49 113 9
49 114 2
49 115 2
49 116 9
49 117 7
49 118 1
49 119 9
49 120 2
49 121 2
49 122 6
49 123 5
49 124 1
49 125 7
49 126 7
50 51 2
50 52 6
50 53 8
50 54 2
50 55 5
50 56 1
50 57 5
50 59 7
50 61 1
50 62 7
50 63 6
50 64 6
50 65 3
50 66 6
50 67 5
50 68 6
50 69 9
50 70 6
50 71 5
50 72 2
50 73 7
50 74 7
50 75 4
50 76 6
50 77 4
50 78 7
50 79 3
50 80 2
50 81 7
50 82 7
50 84 7
50 85 9
50 86 5
50 88 7
50 89 5
50 90 8
50 91 9
50 92 8
50 93 7
50 94 5
50 95 4
50 96 2
50 97 1
50 98 1
50 100 2
50 102 6
50 103 6
50 104 7
50 105 5
50 106 1
50 107 5
50 109 8
50 110 9
50 111 4
50 112 8
50 113 8
50 114 4
50 115 5
50 116 8
50 117 1
50 118 6
50 119 7
50 120 8
50 121 6
50 122 6
50 123 8
50 124 5
50 125 3
50 126 4
50 127 7
51 52 6
51 53 7
51 54 8
51 55 9
51 56 7
51 57 4
51 58 7
51 59 7
51 60 1
51 61 8
51 62 2
51 63 1
51 64 9
51 65 3
51 66 7
51 67 7
51 68 2
51 69 3
51 70 4
51 71 2
51 72 4
51 74 1
51 75 4
51 76 8
51 77 7
51 78 2
51 79 3
51 80 2
51 81 6
51 82 1
51 83 8
51 84 4
51 85 1
51 86 9
51 87 1
51 88 7
51 89 7
51 91 8
51 92 7
51 93 3
51 94 2
51 95 8
51 96 8
51 97 9
51 98 5
51 100 5
51 101 2
51 102 4
51 103 9
51 104 4
51 105 5
51 106 6
51 107 3
51 108 4
51 109 8
51 110 8
51 111 6
51 112 5
51 113 1
51 114 7
51 115 1
51 116 2
51 117 8
51 118 4
51 119 1
51 120 5
51 121 5
51 123 5
51 125 2
51 126 3
51 127 8
52 53 3
52 54 1
52 55 1
52 56 8
52 57 3
52 58 7
52 60 9
52 61 3
52 62 6
52 63 2
52 64 7
52 65 4
52 66 1
52 67 6
52 68 1
52 69 4
52 70 3
52 71 4
52 72 7
52 73 3
52 74 9
52 75 8
52 76 1
52 77 6
52 79 6
52 80 6
52 81 2
52 82 1
52 83 6
52 84 8
52 85 4
52 86 9
52 87 6
52 88 9
52 89 7
52 90 6
52 91 9
52 92 2
52 93 4
52 94 1
52 95 1
52 96 9
52 97 4
52 98 7
52 99 2
52 100 9
52 101 2
52 102 7
52 103 8
52 104 6
52 105 8
52 106 8
52 107 7
52 108 4
52 109 9
52 110 5
52 111 2
52 112 3
52 113 6
52 115 3
52 116 1
52 120 9
52 121 8
52 122 9
52 123 1
52 124 3
52 125 3
52 126 4
52 127 4
53 54 9
53 55 4
53 56 8
53 58 6
53 59 7
53 60 8
53 61 4
53 62 5
53 63 9
53 64 3
53 65 9
53 66 8
53 68 1
53 69 3
53 70 9
53 71 4
53 72 7
53 73 2
53 74 6
53 75 9
53 76 4
53 77 5
53 78 9
53 79 4
53 80 8
53 81 4
53 82 9
53 83 2
53 86 6
53 87 9
53 88 1
53 89 5
53 90 6
53 91 9
53 92 1
53 93 2
53 95 7
53 96 3
53 98 7
53 99 7
53 100 4
53 101 8
53 102 1
53 103 3
53 105 7
53 106 2
53 107 5
53 108 2
53 109 3
53 110 1
53 111 2
53 112 8
53 114 6
53 115 8
53 117 3
53 118 7
53 119 1
53 121 6
53 122 3
53 123 3
53 125 5
53 127 3
54 55 6
54 58 2
54 59 8
54 60 3
54 61 5
54 62 9
54 64 9
54 65 6
54 66 4
54 67 2
54 68 7
54 69 6
54 71 7
54 72 5
54 73 1
54 74 9
54 77 3
54 79 6
54 80 8
54 81 5
54 82 6
54 83 3
54 84 6
54 85 2
54 86 1
54 87 8
54 88 4
54 89 3
54 90 8
54 91 8
54 92 8
54 93 9
54 94 8
54 95 9
54 96 5
54 97 5
54 98 4
54 99 2
54 100 3
54 101 4
54 102 1
54 103 8
54 104 7
54 105 3
54 106 8
54 107 8
54 108 6
54 110 4
54 111 6
54 112 6
54 113 3
54 114 1
54 115 4
54 116 5
54 117 3
54 118 2
54 119 9
54 120 6
54 122 7
54 123 7
54 124 2
54 125 8
54 126 6
54 127 7
55 56 3
55 59 8
55 60 7
55 61 1
55 62 7
55 63 4
55 64 4
55 65 5
55 66 4
55 67 2
55 68 8
55 69 9
55 71 4
55 72 4
55 73 2
55 74 8
55 75 9
55 76 7
55 77 2
55 79 3
55 80 4
55 82 2
55 83 6
55 85 1
55 86 4
55 87 5
55 88 3
55 89 6
55 90 3
55 91 2
55 92 7
55 94 7
55 95 4
55 96 8
55 97 1
55 98 8
55 99 6
55 100 2
55 101 9
55 102 2
55 103 6
55 104 3
55 105 2
55 106 7
55 108 4
55 110 5
55 111 8
55 114 7
55 116 1
55 117 3
55 118 7
55 119 4
55 120 9
55 122 7
55 123 8
55 124 3
55 125 6
55 126 4
55 127 3
56 57 9
56 58 3
56 59 1
56 60 4
56 61 4
56 62 3
56 63 2
56 64 9
56 65 5
56 67 1
56 68 1
56 70 8
56 71 1
56 72 2
56 73 8
56 74 8
56 75 4
56 76 9
56 77 1
56 78 1
56 79 6
56 80 2
56 81 3
56 82 5
56 83 1
56 84 6
56 85 3
56 86 5
56 87 9
56 88 4
56 90 2
56 91 8
56 92 4
56 93 5
56 94 1
56 95 3
56 96 2
56 97 3
56 98 6
56 99 3
56 100 5
56 101 5
56 102 7
56 103 7
56 104 3
56 105 5
56 106 1
56 107 5
56 108 9
56 109 4
56 110 3
56 111 1
56 112 7
56 113 8
56 114 4
56 115 6
56 116 3
56 118 7
56 119 7
56 122 6
56 123 7
56 124 7
56 125 9
56 126 2
56 127 2
57 58 4
57 59 9
57 60 7
57 61 9
57 62 4
57 63 4
57 64 8
57 65 7
57 66 2
57 67 1
57 68 2
57 69 1
57 70 5
57 71 5
57 72 4
57 73 4
57 74 5
57 75 9
57 77 8
57 78 9
57 79 8
57 80 8
57 81 1
57 83 4
57 84 8
57 85 7
57 86 5
57 87 1
57 88 9
57 89 9
57 90 2
57 91 7
57 93 6
57 94 1
57 95 8
57 96 3
57 97 5
57 98 9
57 99 8
57 100 6
57 101 4
57 102 5
57 103 3
57 105 3
57 106 2
57 107 1
57 108 3
57 109 3
57 110 9
57 111 1
57 112 6
57 113 9
57 114 7
57 115 5
57 116 8
57 117 2
57 118 8
57 119 8
57 120 3
57 122 7
57 123 3
57 124 8
57 126 3
57 127 3
58 59 6
58 60 2
58 61 1
58 62 4
58 63 8
58 64 9
58 65 7
58 66 9
58 67 2
58 68 9
58 69 2
58 70 7
58 71 4
58 72 1
58 73 9
58 74 1
58 75 2
58 76 6
58 77 8
58 78 2
58 79 1
58 80 8
58 81 2
58 82 4
58 84 9
58 86 8
58 87 2
58 88 5
58 89 3
58 91 8
58 92 5
58 93 4
58 94 8
58 95 6
58 96 2
58 97 9
58 99 3
58 100 1
58 101 7
58 103 4
58 104 6
58 105 3
58 106 8
58 107 3
58 108 1
58 109 1
58 110 6
58 111 1
58 112 3
58 113 2
58 114 1
58 115 5
58 116 4
58 117 1
58 118 7
58 120 4
58 121 7
58 123 1
58 124 3
58 125 8
58 126 9
58 127 5
59 60 8
59 61 9
59 62 1
59 63 9
59 64 7
59 65 3
59 66 6
59 67 5
59 68 6
59 69 4
59 71 7
59 72 5
59 73 6
59 75 9
59 76 9
59 77 3
59 78 6
59 79 3
59 80 6
59 81 3
59 82 3
59 83 2
59 84 2
59 85 3
59 86 4
59 87 5
59 88 4
59 89 3
59 90 3
59 91 4
59 92 5
59 93 6
59 94 5
59 95 4
59 96 9
59 97 1
59 98 9
59 99 5
59 100 6
59 102 4
59 103 1
59 104 8
59 105 4
59 106 2
59 107 9
59 108 9
59 109 8
59 110 3
59 111 5
59 112 3
59 113 8
59 114 7
59 115 5
59 116 4
59 117 3
59 118 3
59 120 7
59 121 8
59 122 4
59 123 4
59 124 4
59 125 9
59 126 8
59 127 5
60 61 1
60 62 7
60 63 2
60 64 7
60 65 9
60 66 6
60 68 8
60 69 2
60 70 3
60 71 9
60 72 1
60 73 1
60 74 2
60 75 8
60 76 5
60 77 3
60 78 5
60 79 2
60 80 9
60 81 9
60 82 7
60 83 9
60 84 8
60 85 5
60 86 5
60 87 2
60 88 1
60 89 4
60 90 2
60 91 6
60 92 7
60 93 9
60 94 8
60 95 6
60 96 1
60 97 6
60 98 7
60 99 1
60 103 3
60 104 3
60 105 5
60 106 1
60 109 9
60 110 5
60 111 9
60 112 8
60 113 2
60 115 8
60 117 5
60 119 1
60 120 1
60 121 2
60 122 8
60 123 1
60 124 3
60 125 8
60 126 7
60 127 6
61 62 7
61 63 4
61 64 7
61 65 7
61 66 6
61 68 1
61 69 2
61 70 5
61 71 4
61 72 2
61 73 5
61 74 3
61 75 9
61 76 6
61 77 3
61 78 2
61 79 8
61 80 1
61 81 2
61 82 5
61 83 3
61 84 5
61 85 8
61 86 7
61 87 3
61 88 9
61 89 1
61 90 4
61 91 7
61 92 7
61 93 1
61 94 3
61 95 7
61 98 7
61 99 3
61 100 2
61 101 4
61 103 6
61 104 1
61 105 3
61 106 6
61 107 7
61 108 7
61 110 5
61 112 4
61 113 2
61 114 4
61 115 9
61 117 1
61 118 5
61 120 4
61 121 1
61 122 9
61 123 4
61 124 4
61 125 2
61 126 1
61 127 4
62 63 2
62 66 6
62 67 4
62 69 5
62 70 5
62 71 5
62 72 3
62 73 4
62 74 2
62 75 3
62 76 1
62 77 5
62 78 7
62 79 3
62 80 9
62 81 8
62 82 3
62 84 3
62 85 5
62 86 7
62 87 6
62 88 4
62 89 1
62 91 7
62 92 2
62 93 5
62 94 1
62 95 2
62 96 7
62 98 8
62 99 7
62 100 5
62 101 3
62 102 2
62 103 8
62 104 9
62 105 7
62 106 3
62 108 2
62 109 2
62 110 5
62 111 3
62 113 8
62 114 5
62 115 6
62 116 6
62 117 2
62 118 2
62 120 3
62 121 3
62 122 7
62 123 7
62 125 1
62 126 1
62 127 7
63 64 1
63 65 9
63 66 6
63 67 6
63 68 4
63 70 6
63 71 3
63 72 9
63 73 9
63 74 5
63 75 3
63 76 1
63 78 6
63 79 1
63 80 1
63 81 4
63 82 9
63 83 7
63 84 6
63 85 2
63 86 7
63 87 2
63 88 7
63 89 7
63 90 9
63 91 9
63 92 8
63 93 1
63 94 6
63 95 9
63 97 4
63 98 7
63 99 7
63 100 4
63 101 3
63 103 4
63 104 2
63 105 8
63 106 7
63 107 3
63 108 8
63 109 6
63 110 6
63 111 1
63 113 6
63 114 8
63 115 6
63 117 8
63 118 8
63 119 7
63 120 5
63 122 8
63 123 3
63 124 1
63 125 6
63 126 4
63 127 3
64 66 1
64 68 6
64 69 4
64 70 3
64 72 8
64 73 1
64 75 1
64 76 1
64 77 8
64 78 9
64 79 3
64 80 8
64 81 5
64 82 1
64 83 6
64 84 7
64 85 9
64 86 7
64 87 6
64 88 6
64 89 7
64 90 4
64 91 1
64 94 5
64 95 3
64 97 8
64 98 4
64 99 9
64 100 4
64 101 9
64 102 1
64 103 2
64 105 1
64 106 5
64 107 3
64 108 9
64 109 5
64 110 6
64 111 9
64 112 2
64 114 6
64 115 2
64 116 1
64 117 3
64 118 8
64 119 8
64 120 2
64 121 3
64 122 1
64 123 2
64 124 5
64 125 7
64 126 5
64 127 8
65 66 7
65 67 1
65 68 7
65 69 4
65 71 8
65 72 6
65 73 2
65 74 2
65 75 4
65 76 6
65 77 3
65 78 1
65 79 4
65 80 3
65 81 5
65 82 4
65 83 9
65 84 7
65 85 6
65 86 4
65 87 6
65 88 6
65 89 6
65 90 1
65 91 9
65 92 8
65 93 6
65 94 8
65 95 3
65 96 6
65 97 6
65 98 7
65 99 3
65 101 7
65 102 4
65 103 8
65 104 2
65 105 6
65 106 2
65 107 8
65 108 9
65 109 5
65 110 2
65 111 2
65 112 1
65 113 9
65 114 3
65 115 8
65 116 7
65 117 7
65 118 6
65 119 5
65 120 5
65 121 7
65 122 4
65 123 3
65 124 6
65 125 3
65 126 9
65 127 2
66 67 9
66 68 6
66 69 8
66 70 1
66 71 5
66 72 2
66 73 9
66 74 9
66 76 4
66 77 7
66 78 9
66 79 9
66 80 2
66 81 4
66 83 1
66 84 9
66 85 1
66 87 9
66 88 7
66 89 5
66 90 4
66 91 7
66 92 9
66 94 5
66 95 2
66 96 9
66 97 9
66 98 3
66 99 7
66 100 7
66 101 4
66 102 4
66 103 1
66 104 6
66 105 4
66 106 1
66 108 3
66 109 3
66 110 1
66 111 5
66 112 7
66 113 4
66 114 8
66 115 6
66 116 5
66 117 8
66 118 5
66 119 4
66 120 3
66 121 2
66 122 1
66 123 5
66 124 2
66 125 6
66 126 7
66 127 1
67 68 8
67 69 3
67 71 5
67 72 7
67 73 6
67 74 9
67 75 5
67 78 5
67 79 6
67 80 3
67 81 7
67 82 3
67 83 2
67 84 1
67 85 2
67 86 9
67 87 8
67 88 2
67 89 6
67 90 2
67 91 8
67 92 8
67 93 4
67 94 3
67 96 2
67 97 2
67 98 3
67 99 2
67 100 5
67 101 5
67 102 8
67 103 5
67 104 4
67 105 7
67 107 6
67 108 9
67 109 6
67 110 2
67 111 5
67 112 5
67 113 6
67 114 7
67 115 8
67 117 6
67 118 6
67 119 2
67 120 5
67 123 5
67 124 6
67 125 3
67 126 8
67 127 1
68 69 6
68 70 3
68 71 3
68 72 1
68 73 1
68 74 1
68 75 8
68 76 5
68 78 9
68 79 1
68 80 2
68 81 7
68 82 4
68 83 7
68 84 2
68 86 4
68 87 2
68 89 3
68 91 4
68 94 5
68 95 5
68 96 7
68 98 3
68 99 8
68 100 6
68 101 9
68 102 1
68 105 5
68 106 8
68 107 5
68 108 7
68 109 9
68 110 6
68 111 9
68 112 6
68 113 2
68 114 8
68 115 8
68 116 4
68 117 3
68 118 2
68 119 6
68 120 8
68 121 2
68 122 1
68 123 8
68 124 3
68 125 6
68 126 5
69 70 8
69 71 1
69 72 8
69 73 5
69 75 1
69 76 7
69 78 6
69 79 7
69 80 7
69 81 6
69 82 7
69 83 5
69 84 5
69 85 3
69 86 8
69 87 6
69 88 4
69 89 2
69 90 9
69 91 6
69 92 9
69 93 9
69 94 9
69 95 2
69 96 9
69 97 2
69 99 4
69 100 4
69 101 8
69 102 5
69 103 4
69 104 5
69 105 7
69 106 5
69 107 2
69 108 7
69 109 4
69 110 2
69 111 6
69 113 9
69 114 2
69 115 7
69 116 4
69 118 3
69 119 8
69 120 4
69 121 4
69 122 7
69 123 5
69 124 3
69 125 8
69 126 7
69 127 2
70 71 2
70 72 7
70 73 9
70 74 6
70 75 6
70 76 4
70 77 2
70 78 1
70 79 4
70 80 7
70 81 6
70 82 3
70 83 3
70 84 8
70 86 3
70 87 9
70 88 2
70 89 3
70 90 3
70 91 4
70 92 6
70 93 4
70 94 8
70 95 1
70 96 1
70 97 6
70 98 6
70 99 9
70 100 3
70 101 1
70 102 3
70 103 3
70 105 9
70 106 1
70 107 6
70 108 3
70 109 4
70 113 4
70 114 6
70 116 4
70 117 1
70 118 9
70 119 8
70 120 4
70 121 5
70 122 2
70 123 1
70 124 9
70 125 2
70 126 4
70 127 2
71 72 8
71 74 3
71 75 4
71 76 3
71 77 6
71 78 7
71 79 3
71 80 7
71 81 8
71 84 2
71 85 2
71 86 2
71 87 5
71 88 6
71 89 8
71 90 5
71 91 2
71 92 2
71 93 7
71 95 6
71 96 2
71 97 4
71 98 9
71 99 3
71 100 7
71 101 5
71 102 7
71 103 7
71 104 8
71 106 1
71 107 1
71 108 8
71 110 5
71 111 5
71 113 7
71 114 7
71 115 3
71 116 9
71 117 9
71 119 6
71 121 7
71 122 8
71 123 2
71 124 6
71 125 1
72 73 5
72 75 3
72 76 4
72 77 7
72 79 2
72 80 5
72 81 2
72 82 5
72 83 7
72 85 6
72 86 4
72 87 7
72 88 6
72 89 1
72 90 4
72 91 1
72 93 4
72 94 3
72 95 8
72 96 6
72 97 1
72 98 9
72 99 8
72 100 9
72 102 8
72 104 5
72 106 5
72 108 8
72 109 6
72 110 2
72 111 5
72 113 9
72 114 2
72 115 1
72 116 7
72 117 8
72 119 6
72 120 9
72 121 5
72 122 7
72 123 2
72 124 1
72 125 3
72 126 2
72 127 7
73 74 6
73 75 1
73 76 7
73 77 5
73 78 1
73 79 5
73 80 5
73 81 7
73 82 8
73 83 1
73 84 7
73 85 8
73 86 9
73 87 1
73 88 3
73 89 9
73 90 2
73 91 8
73 92 2
73 94 6
73 95 5
73 96 6
73 97 8
73 99 5
73 100 2
73 101 1
73 102 8
73 103 4
73 105 4
73 106 6
73 107 7
73 108 2
73 109 7
73 110 2
73 111 7
73 112 6
73 113 2
73 115 5
73 117 1
73 118 8
73 119 6
73 120 3
73 121 1
73 122 4
73 123 5
73 124 1
73 125 2
73 127 7
74 75 2
74 76 2
74 77 4
74 78 4
74 79 5
74 80 3
74 81 9
74 82 5
74 83 9
74 84 7
74 85 2
74 86 1
74 87 4
74 88 7
74 89 1
74 90 3
74 91 1
74 92 3
74 93 8
74 94 2
74 95 5
74 96 7
74 98 8
74 99 8
74 100 4
74 101 5
74 102 1
74 103 8
74 104 8
74 106 1
74 108 4
74 109 7
74 110 6
74 111 9
74 112 6
74 113 3
74 114 9
74 115 5
74 116 8
74 117 2
74 119 5
74 120 5
74 121 5
74 122 6
74 123 9
74 124 3
74 126 4
74 127 2
75 77 2
75 79 6
75 80 7
75 81 3
75 82 7
75 83 5
75 84 3
75 85 8
75 86 8
75 87 8
75 88 5
75 89 6
75 90 9
75 91 4
75 92 9
75 93 8
75 94 9
75 95 7
75 96 3
75 97 1
75 98 4
75 99 8
75 100 6
75 101 3
75 102 9
75 103 2
75 104 3
75 105 3
75 106 4
75 107 6
75 108 7
75 109 7
75 110 4
75 111 7
75 113 1
75 114 4
75 115 4
75 116 9
75 117 2
75 118 4
75 119 7
75 120 8
75 121 3
75 122 3
75 124 4
75 125 4
75 126 9
75 127 7
76 77 6
76 78 4
76 79 7
76 80 4
76 81 7
76 82 7
76 83 6
76 84 2
76 85 2
76 86 3
76 90 5
76 91 7
76 93 6
76 94 1
76 95 6
76 96 8
76 97 6
76 99 7
76 100 6
76 101 6
76 103 8
76 105 4
76 106 8
76 107 9
76 108 2
76 109 4
76 110 8
76 111 7
76 112 3
76 113 5
76 114 5
76 115 7
76 117 8
76 118 8
76 119 2
76 121 3
76 122 9
76 123 3
76 124 1
76 125 2
76 126 9
76 127 9
77 80 6
77 81 9
77 82 6
77 83 8
77 84 7
77 85 8
77 86 3
77 87 5
77 88 7
77 89 7
77 90 1
77 91 5
77 92 6
77 93 4
77 94 3
77 95 2
77 96 2
77 97 5
77 98 2
77 100 7
77 101 5
77 102 5
77 103 8
77 104 8
77 105 6
77 106 2
77 107 7
77 108 8
77 109 3
77 110 9
77 111 6
77 112 2
77 113 7
77 114 5
77 115 1
77 116 5
77 118 7
77 119 4
77 120 7
77 122 2
77 123 4
77 124 5
77 125 7
77 126 8
77 127 7
78 79 2
78 80 2
78 81 9
78 82 1
78 83 7
78 84 6
78 85 9
78 86 5
78 87 2
78 88 3
78 89 5
78 90 2
78 91 6
78 92 4
78 93 9
78 95 4
78 96 4
78 97 2
78 98 9
78 99 4
78 100 1
78 101 6
78 102 3
78 103 1
78 105 7
78 106 8
78 107 7
78 108 7
78 109 7
78 110 1
78 112 8
78 113 4
78 114 7
78 115 4
78 116 3
78 117 5
78 118 9
78 119 6
78 121 1
78 122 5
78 123 6
78 124 2
78 125 7
78 127 6
79 80 1
79 81 2
79 82 2
79 83 4
79 84 8
79 85 6
79 86 8
79 88 5
79 89 6
79 90 9
79 91 3
79 92 6
79 94 5
79 95 4
79 96 6
79 97 2
79 98 9
79 99 9
79 100 9
79 101 8
79 102 7
79 103 1
79 104 1
79 105 4
79 106 8
79 107 4
79 108 2
79 109 8
79 110 2
79 111 5
79 112 2
79 113 5
79 115 2
79 116 3
79 117 8
79 118 2
79 120 6
79 121 1
79 122 5
79 123 2
79 124 3
79 126 7
79 127 9
80 81 5
80 82 6
80 84 4
80 85 6
80 87 6
80 88 9
80 89 4
80 90 6
80 91 3
80 92 8
80 93 6
80 94 8
80 95 4
80 96 9
80 97 3
80 98 6
80 99 1
80 100 8
80 101 4
80 102 6
80 103 8
80 105 7
80 106 4
80 107 5
80 108 3
80 109 4
80 110 2
80 111 2
80 112 1
80 114 5
80 115 6
80 116 8
80 117 5
80 118 4
80 119 7
80 120 1
80 122 3
80 124 6
80 125 3
80 126 6
80 127 5
81 82 6
81 83 2
81 84 9
81 85 6
81 86 8
81 87 5
81 88 6
81 90 4
81 91 2
81 92 5
81 93 7
81 94 9
81 95 9
81 96 2
81 98 1
81 99 7
81 100 6
81 101 9
81 102 4
81 104 9
81 105 5
81 106 2
81 107 4
81 108 7
81 109 9
81 110 7
81 111 5
81 112 4
81 113 5
81 114 9
81 115 3
81 116 3
81 117 7
81 119 9
81 121 5
81 122 2
81 123 5
81 124 2
81 125 3
81 126 7
81 127 6
82 83 3
82 84 8
82 85 3
82 86 2
82 88 9
82 89 4
82 90 9
82 91 7
82 92 7
82 93 5
82 94 4
82 95 6
82 96 2
82 97 2
82 98 2
82 99 9
82 100 1
82 101 8
82 102 2
82 103 1
82 104 8
82 105 1
82 106 1
82 107 5
82 108 5
82 109 8
82 110 8
82 111 8
82 112 5
82 113 4
82 114 2
82 115 6
82 117 6
82 118 6
82 119 1
82 121 7
82 122 8
82 123 7
82 124 2
82 125 5
82 126 5
82 127 4
83 84 7
83 85 8
83 86 3
83 88 6
83 89 5
83 90 1
83 91 6
83 92 8
83 93 2
83 94 2
83 95 4
83 96 1
83 97 2
83 98 4
83 99 8
83 100 8
83 101 8
83 102 4
83 104 4
83 105 2
83 106 2
83 107 5
83 108 9
83 109 2
83 110 4
83 111 1
83 112 7
83 114 7
83 115 6
83 116 8
83 117 2
83 118 7
83 119 6
83 120 9
83 122 4
83 123 8
83 124 3
83 125 6
83 126 4
83 127 6
84 86 8
84 87 6
84 88 9
84 89 7
84 90 3
84 91 1
84 92 3
84 93 5
84 94 3
84 95 8
84 96 5
84 97 6
84 98 3
84 99 6
84 100 5
84 101 3
84 102 4
84 103 4
84 104 3
84 105 8
84 106 1
84 107 9
84 108 8
84 109 1
84 110 5
84 111 6
84 112 6
84 113 4
84 115 4
84 116 4
84 118 3
84 119 5
84 120 9
84 121 6
84 122 7
84 123 3
84 124 3
84 125 2
84 126 3
84 127 8
85 87 6
85 88 7
85 89 6
85 90 1
85 91 3
85 93 4
85 94 1
85 95 3
85 96 5
85 97 9
85 98 6
85 99 3
85 100 5
85 101 5
85 102 7
85 103 7
85 104 1
85 105 1
85 107 4
85 108 9
85 109 1
85 110 2
85 111 8
85 112 4
85 113 6
85 116 4
85 117 1
85 118 6
85 119 3
85 120 9
85 122 6
85 123 1
85 124 6
85 125 8
85 126 6
85 127 4
86 87 9
86 88 4
86 89 7
86 90 7
86 91 9
86 92 4
86 93 6
86 94 3
86 95 7
86 96 6
86 97 9
86 98 8
86 99 8
86 100 2
86 101 6
86 102 4
86 103 8
86 104 7
86 105 4
86 106 4
86 108 3
86 110 1
86 111 5
86 112 6
86 113 4
86 114 1
86 115 6
86 116 2
86 117 7
86 118 6
86 119 6
86 120 6
86 121 5
86 122 8
86 123 2
86 124 1
86 125 1
87 88 2
87 91 4
87 92 7
87 93 4
87 94 4
87 95 6
87 96 1
87 97 1
87 98 6
87 99 6
87 100 1
87 101 9
87 102 1
87 103 9
87 104 3
87 105 4
87 106 6
87 107 5
87 108 2
87 109 4
87 110 3
87 111 8
87 112 9
87 113 1
87 114 1
87 115 2
87 116 4
87 117 3
87 118 2
87 119 7
87 120 3
87 121 2
87 122 3
87 123 2
87 124 7
87 125 8
87 126 8
88 89 1
88 90 4
88 91 6
88 92 2
88 93 5
88 94 9
88 95 1
88 96 8
88 97 3
88 98 9
88 99 5
88 100 7
88 101 5
88 102 9
88 103 6
88 104 6
88 105 2
88 106 9
88 107 9
88 108 7
88 109 4
88 110 1
88 111 6
88 112 7
88 113 6
88 114 9
88 115 2
88 116 5
88 117 7
88 119 5
88 120 8
88 121 7
88 122 3
88 123 2
88 124 2
88 125 2
88 126 6
88 127 3
89 90 7
89 91 7
89 92 8
89 93 5
89 94 3
89 95 9
89 96 3
89 97 1
89 98 4
89 99 2
89 101 1
89 102 6
89 103 4
89 104 9
89 105 5
89 107 8
89 108 7
89 109 5
89 110 8
89 111 8
89 112 2
89 113 8
89 114 7
89 115 5
89 116 1
89 117 9
89 118 9
89 119 9
89 120 4
89 121 6
89 122 6
89 123 5
89 124 1
89 125 9
89 126 4
89 127 4
90 91 1
90 92 8
90 93 6
90 94 3
90 95 1
90 96 4
90 97 9
90 99 2
90 100 9
90 101 1
90 102 1
90 103 6
90 104 9
90 105 1
90 106 8
90 107 7
90 108 8
90 109 5
90 111 8
90 112 4
90 113 9
90 114 2
90 115 1
90 116 6
90 117 7
90 118 2
90 119 7
90 120 4
90 121 9
90 123 4
90 124 7
90 125 6
90 126 8
90 127 2
91 92 5
91 94 6
91 95 5
91 96 1
91 97 7
91 98 3
91 99 2
91 100 9
91 101 4
91 103 7
91 104 9
91 105 2
91 106 7
91 107 6
91 108 2
91 109 2
91 110 7
91 111 8
91 112 9
91 113 1
91 114 7
91 115 5
91 117 8
91 118 2
91 120 4
91 122 2
91 123 9
91 126 6
91 127 4
92 93 7
92 94 2
92 95 6
92 96 6
92 97 6
92 98 8
92 99 4
92 100 7
92 101 1
92 102 1
92 103 3
92 104 5
92 105 3
92 107 5
92 108 5
92 109 4
92 110 2
92 111 2
92 112 6
92 113 2
92 114 4
92 115 6
92 116 8
92 117 4
92 120 7
92 122 6
92 123 1
92 124 8
92 126 9
92 127 6
93 94 6
93 95 8
93 97 4
93 98 1
93 99 4
93 100 7
93 101 8
93 102 9
93 104 3
93 105 6
93 106 6
93 107 5
93 108 9
93 109 2
93 111 3
93 112 1
93 113 8
93 115 1
93 116 8
93 117 9
93 118 4
93 119 7
93 121 4
93 122 7
93 123 1
93 125 4
93 126 1
93 127 1
94 96 4
94 97 7
94 98 9
94 99 2
94 100 6
94 101 9
94 102 5
94 103 5
94 104 5
94 105 3
94 106 4
94 108 3
94 109 9
94 110 1
94 111 3
94 112 1
94 113 2
94 114 2
94 116 8
94 117 1
94 118 2
94 119 2
94 120 8
94 121 6
94 122 3
94 123 4
94 124 7
94 125 6
94 126 6
94 127 2
95 96 3
95 97 6
95 98 4
95 99 1
95 100 5
95 101 2
95 102 6
95 103 3
95 104 7
95 105 2
95 106 3
95 108 4
95 109 4
95 110 5
95 111 7
95 112 8
95 113 9
95 114 8
95 115 7
95 117 2
95 118 1
95 119 9
95 120 8
95 121 4
95 122 5
95 123 8
95 125 2
95 127 5
96 97 8
96 98 6
96 99 7
96 100 5
96 102 5
96 103 8
96 104 7
96 106 3
96 107 9
96 108 6
96 109 7
96 110 5
96 111 3
96 112 8
96 113 4
96 114 3
96 115 7
96 116 5
96 117 6
96 118 8
96 119 6
96 120 6
96 121 3
96 122 3
96 123 4
96 124 5
96 125 5
96 126 6
96 127 1
97 98 5
97 99 5
97 101 1
97 102 5
97 103 7
97 104 1
97 105 3
97 106 7
97 107 5
97 108 4
97 109 5
97 110 2
97 111 9
97 112 9
97 113 2
97 114 6
97 115 2
97 116 9
97 117 3
97 119 8
97 120 9
97 121 7
97 122 3
97 123 2
97 124 3
97 125 8
98 99 9
98 100 5
98 101 7
98 102 9
98 103 6
98 104 2
98 105 7
98 106 8
98 107 7
98 108 6
98 109 5
98 110 4
98 111 2
98 112 7
98 113 3
98 114 3
98 115 2
98 116 1
98 117 5
98 118 1
98 119 4
98 120 8
98 121 1
98 122 3
98 123 7
98 124 4
98 125 8
98 126 2
98 127 3
99 101 4
99 102 4
99 103 5
99 104 1
99 105 6
99 106 4
99 107 6
99 108 3
99 109 4
99 110 3
99 111 1
99 112 9
99 113 9
99 114 5
99 115 8
99 116 3
99 117 8
99 119 4
99 120 6
99 121 4
99 122 1
99 123 4
99 124 5
99 125 4
99 126 3
100 101 4
100 102 5
100 103 5
100 104 4
100 106 9
100 107 2
100 108 1
100 109 5
100 110 6
100 111 7
100 113 2
100 114 3
100 115 4
100 116 1
100 117 2
100 118 9
100 119 1
100 120 7
100 121 8
100 122 2
100 123 4
100 124 6
100 125 8
100 126 5
100 127 2
101 102 3
101 103 1
101 104 5
101 105 5
101 106 8
101 107 2
101 109 4
101 110 2
101 112 6
101 113 6
101 114 7
101 115 4
101 116 5
101 117 8
101 118 6
101 120 2
101 121 9
101 122 5
101 123 3
101 124 1
101 125 4
101 126 3
101 127 5
102 103 8
102 104 9
102 105 3
102 106 5
102 107 1
102 108 8
102 109 9
102 110 8
102 111 4
102 112 9
102 113 3
102 114 4
102 115 3
102 116 5
102 117 6
102 119 3
102 120 4
102 121 6
102 122 1
102 123 4
102 124 3
102 125 1
102 126 8
102 127 4
103 104 8
103 105 3
103 106 5
103 107 3
103 108 7
103 109 2
103 110 3
103 111 8
103 112 7
103 113 1
103 114 2
103 115 6
103 119 9
103 120 3
103 121 6
103 122 4
103 123 1
103 124 5
103 125 4
103 126 6
103 127 9
104 105 1
104 106 7
104 107 5
104 108 6
104 109 1
104 110 5
104 112 9
104 113 8
104 114 8
104 115 2
104 116 5
104 117 2
104 118 6
104 119 4
104 121 7
104 122 6
104 123 8
104 124 9
104 125 8
105 106 4
105 107 6
105 108 4
105 109 7
105 110 3
105 111 1
105 112 3
105 113 2
105 114 4
105 115 1
105 116 9
105 117 2
105 118 2
105 119 4
105 120 2
105 121 1
105 122 3
105 123 2
105 124 6
105 125 8
105 126 5
105 127 4
106 107 4
106 108 7
106 109 3
106 110 2
106 111 5
106 112 2
106 113 1
106 114 5
106 115 4
106 116 7
106 117 3
106 118 8
106 119 4
106 120 7
106 121 1
106 122 7
106 123 1
106 124 5
106 126 1
106 127 9
107 108 4
107 109 7
107 110 2
107 111 8
107 113 6
107 114 4
107 115 1
107 116 3
107 118 7
107 120 3
107 122 5
107 123 7
107 124 3
107 125 2
107 126 1
108 109 8
108 110 1
108 111 6
108 112 7
108 113 5
108 114 5
108 116 2
108 117 6
108 118 3
108 119 2
108 121 1
108 122 6
108 124 3
108 125 2
108 126 6
108 127 4
109 110 6
109 111 6
109 112 4
109 113 6
109 114 9
109 115 4
109 116 4
109 117 6
109 118 9
109 119 8
109 120 9
109 121 9
109 122 8
109 123 3
109 124 5
109 125 5
109 126 8
110 111 8
110 112 2
110 113 8
110 114 1
110 115 4
110 116 1
110 117 2
110 119 1
110 120 8
110 121 3
110 122 8
110 123 4
110 124 1
110 125 4
110 126 8
110 127 7
111 112 6
111 113 2
111 114 3
111 115 4
111 116 3
111 117 4
111 118 6
111 119 2
111 120 2
111 121 1
111 122 9
111 124 1
111 125 2
111 126 8
111 127 3
112 113 2
112 114 9
112 115 8
112 116 3
112 117 4
112 118 8
112 119 7
112 120 4
112 121 3
112 122 7
112 123 8
112 124 4
112 125 3
112 126 7
112 127 4
113 114 1
113 115 1
113 116 9
113 117 6
113 118 5
113 119 3
113 120 4
113 121 9
113 122 6
113 123 5
113 124 1
113 125 6
113 126 6
113 127 3
114 115 6
114 116 9
114 117 7
114 118 7
114 119 7
114 120 3
114 121 1
114 122 8
114 124 5
114 125 1
114 126 9
114 127 6
115 116 8
115 117 2
115 118 3
115 119 4
115 120 6
115 121 6
115 122 3
115 123 2
115 124 1
115 125 7
115 126 6
115 127 3
116 117 3
116 118 1
116 119 4
116 120 1
116 121 7
116 122 9
116 123 9
116 124 8
116 125 6
116 126 6
116 127 6
117 118 9
117 120 6
117 121 1
117 122 7
117 123 9
117 124 2
117 125 3
117 126 7
117 127 7
118 119 8
118 120 1
118 121 3
118 122 5
118 123 5
118 124 7
118 125 8
118 126 4
118 127 3
119 120 1
119 121 9
119 122 6
119 123 5
119 125 5
119 126 6
119 127 1
120 121 3
120 122 3
120 123 7
120 124 1
120 125 4
120 126 9
120 127 7
121 122 8
121 123 7
121 124 7
121 125 2
121 126 2
121 127 4
122 123 9
122 124 1
122 125 8
122 126 2
122 127 8
123 124 5
123 125 9
123 126 6
123 127 9
